"","id","datetime","observation_day","mood","arousal","valence","activity","screen","call","sms","appCat.builtin","appCat.communication","appCat.entertainment","appCat.finance","appCat.game","appCat.office","appCat.other","appCat.social","appCat.travel","appCat.unknown","appCat.utilities","appCat.weather","night_physical_activity","night_screen","night_appcat_combined","SUM_inactivity_timediff","weekday","week_of_year","appCat_total","mood_of_next_day"
"1",1,2014-03-22,1,6.4,0.6,0.6,0.265094180596084,6005.73799943924,3,1,728.368,4841.719,93.324,21.076,0,0,86.089,439.632,37.305,0,117.621,0,0,370.381999969483,378.791,8,6,12,6365.134,6.4
"2",1,2014-03-23,2,6.4,0.1,0.3,0.171456254034268,4122.44700050354,0,0,1135.066,3376.14,94.346,0,0,0,40.604,367.596,0,0,0,30.386,0.00833333333333335,136.423000097275,136.314,6.967,7,12,5044.138,6
"3",1,2014-03-24,3,6,0.8,0,0.124598559350174,12245.6310002804,10,0,796.971,6621.222,976.971,34.106,0,3.01,55.519,3158.352,419.805,0,178.732,0,0.00769699184021435,2670.26900100708,2670.199,5,1,12,12244.688,6.5
"4",1,2014-03-25,4,6.5,0,0.5,0.148495685333681,12254.188999176,0,1,689.493,5349.201,18.066,43.054,0,0,129.617,1462.131,0,235.223,74.431,0,0.00289855072463768,2801.61400032044,2795.566,6,2,12,8001.216,6.6
"5",1,2014-03-26,5,6.6,-0.2,0.6,0.154534799740725,9867.71700048446,0,0,697.038,4589.329,602.253,20.175,0,0,84.449,2936.136,0,0,0,0,0.017615935262994,9369.48799967765,8205.166,3,3,13,8929.38,7
"6",1,2014-03-27,6,7,-0.4,0.6,0.301357465109938,17206.5799992085,2,1,1142.693,5937.144,639.339,42.219,0,182.451,51.513,935.381,47.314,0,163.941,0,0.0107613666935701,6411.71099996567,4696.634,4,4,13,9141.995,6.5
"7",1,2014-03-28,7,6.5,-0.7,0.6,0.147369281045752,4324.99700021744,5,0,671.222,667.844,742.091,53.344,233.036,0,215.907,512.741,1133.009,0,301.717,0,0,649.487000226975,10656.085,4,5,13,4530.911,7.1
"8",1,2014-03-29,8,7.1,0.3,0.8,0.100007687046182,5551.09099984169,4,1,377.962,2337.486,1159.906,0,0,0,156.56,472.888,52.435,0,470.017,0,0.00957925595606754,181.001999378204,338.723,5,6,13,5027.254,7.7
"9",1,2014-03-30,9,7.7,-0.4,0.9,0.0273412698412699,1841.85800075531,0,0,317.539,559.264,717.016,0,0,0,66.801,157.465,0,0,38.296,0,0.138176638176638,4361.99499988556,3217.33,4.404,7,13,1856.381,7.4
"10",1,2014-03-31,10,7.4,0,0.6,0.106304704372773,5536.82000017166,6,0,2607.096,2360.718,895.702,41.255,51.176,0,157.586,1044.802,183.381,29.29,25.281,0,0.012962962962963,1091.32500004768,1090.75,6,1,13,7396.287,6
"11",1,2014-04-01,11,6,0.2,0,0.176348751751949,13741.8070018291,1,0,1150.145,3463.959,817.444,519.63,234.741,92.388,112.148,4169.478,1614.621,0,493.499,0,0.010840108401084,6299.64200043678,5393.138,4,2,13,12668.053,6.5
"12",1,2014-04-02,12,6.5,-0.2,0.4,0.141101045045655,11886.6099994183,4,0,3304.328,4302.635,1078.609,247.777,0,90.481,508.292,3172.776,0,0,271.929,0,0.0228756805664015,3441.62300014496,3419.45,2,3,14,12976.827,6.4
"13",1,2014-04-03,13,6.4,-1.2,0,0.0640593341112835,13340.1530001163,4,0,1964.648,8833.996,884.621,76.234,0,0,203.795,1638.613,0,0,28.1,0,0.0426120448179272,10467.064000845,5625.003,3,4,14,13630.007,6.6
"14",1,2014-04-04,14,6.6,0.1,0.5,0.187631213343908,9270.38199901581,1,0,1826.654,4816.287,1378.628,0,0,0,162.68,1560.949,158.241,0,107.627,0,0.0185185185185185,7059.30300045013,7064.904,4,5,14,10011.066,7.1
"15",1,2014-04-05,15,7.1,-0.4,0.7,0.184753641384942,3243.4289996624,0,0,15070.411,1885.409,76.369,0,0,0,73.103,363.208,187.945,0,118.956,0,0.0317270461166729,3159.23200106621,496.887,3,6,14,17775.401,6.5
"16",1,2014-04-06,16,6.5,-1,0.5,0.0237565573494151,5374.60499978065,1,0,4217.37,1710.684,187.214,0,114.406,0,111.938,300.343,0,0,46.249,0,0.128487553213376,912.819999933243,1427.637,2,7,14,6688.204,6.6
"17",1,2014-04-07,17,6.6,-0.8,0.4,0.0810729938789086,6805.68099999428,0,0,612.701,4526.809,361.713,0,0,17.107,118.669,828.169,60.247,0,131.444,0,0.00555555555555556,1250.64899992943,1250.205,4,1,14,6656.859,6.6
"18",1,2014-04-08,18,6.6,-0.4,0.6,0.103706515224909,8218.70100212097,0,0,612.186,6060.181,872.291,19.131,0,0,50.412,2181.717,0,0,36.143,0,0.00655270655270654,6060.23599958419,6464.722,1,2,14,9832.061,7.4
"19",1,2014-04-09,19,7.4,-0.8,1,0.184788496295204,8705.48200082779,4,0,1290.799,3550.485,563.347,0,0,0,338.637,2413.786,0,0,19.348,0,0.0214752567693744,4020.80700039864,4062.922,4,3,15,8176.402,7.3
"20",1,2014-04-10,20,7.3,-0.1,0.8,0.0997427004373863,4866.73300027847,7,0,576.076,2173.301,477.255,0,1.059,23.195,98.699,1131.258,0,0,230.197,0,0.0479577288613947,8663.835999012,8141.489,3,4,15,4711.04,7
"21",1,2014-04-11,21,7,-1.2,0.8,0.126866812205786,9586.10200023651,0,0,3162.433,3321.247,434.249,94.093,0,0,42.383,596.807,34.234,0,214.648,0,0.00941619585687382,433.993999958039,433.867,5,5,15,7900.094,7.2
"22",1,2014-04-12,22,7.2,-0.6,0.8,0.0899449035812673,9401.07800078392,0,0,213.599,5751.202,1052.986,0,0,0,49.867,233.31,0,0,180.647,0,0.00185185185185186,951.204999923707,1783.312,5,6,15,7481.611,7.8
"23",1,2014-04-13,23,7.8,-1.1,1.2,0.0140587761869371,926.379999637605,0,0,270.135,465.048,35.196,82.413,0,0,59.494,13.229,0,0,0,0,0.042755991285403,2347.92599987983,2301.522,4,7,15,925.515,7.2
"24",1,2014-04-14,24,7.2,-1.2,0.6,0.124473114457858,13183.056999445,1,0,715.496,4370.538,5937.616,89.323,0,0,136.046,2123.301,29.104,0,479.35,0,0.0139589169000934,1071.16799998283,1070.995,5,1,15,13880.774,6.7
"25",1,2014-04-15,25,6.7,-0.4,0.9,0.130661140575887,7413.00999879837,8,0,1149.719,3643.908,841.205,13.043,0,0,98.324,1491.964,8.363,0,229.486,0,0.0219914409267101,4864.11299967766,4071.241,4,2,15,7476.012,7.2
"26",1,2014-04-16,26,7.2,0.8,0.2,0.161864306244105,8035.83199834823,0,1,762.652,2908.913,426.734,0,0,0,34.77,1026.563,0,0,159.926,0,0.018635231870526,6598.18899965286,6480.282,4,3,16,5319.558,6.9
"27",1,2014-04-17,27,6.9,-0.1,0.7,0.0735760781828624,7998.04600119591,2,0,301.579,4454.811,38.229,0,0,0,46.749,1407.242,0,0,39.227,0,0.0440078734196381,4303.29600048066,3363.123,4,4,16,6287.837,6.9
"28",1,2014-04-18,28,6.9,-0.3,0.9,0.13871081447844,12274.0459997654,1,0,973.264,4552.459,774.354,119.163,0,0,40.669,1645.865,63.874,0,82.577,0,0.0306811048336472,6721.31699943543,8898.942,4,5,16,8252.225,7.8
"29",1,2014-04-19,29,7.8,-0.2,1,0.139130228362531,4012.3090004921,1,0,744.032,1832.616,469.274,95.629,29.084,0,25.467,379.419,128.89,0,305.796,0,0.012037037037037,1211.79499983788,1211.594,5,6,16,4010.207,7.4
"30",1,2014-04-20,30,7.4,-0.6,0.8,0.103146169427375,4985.28300023079,0,0,454.708,3365.752,260.474,0,0,0,24.173,807.731,0,0,98.97,0,0.0487901933554107,11694.6450004578,4178.171,3.664,7,16,5011.808,7.6
"31",1,2014-04-21,31,7.6,-0.4,1,0.163265694349195,2581.87099957466,1,0,3296.833,1222.04,45.381,33.266,0,0,50.859,0,68.278,0,173.312,0,0.00918577307466197,967.635999917984,967.082,4,1,16,4889.969,7.4
"32",1,2014-04-22,32,7.4,0.2,1,0.14207786671981,10485.6589996815,2,0,1837.513,8273.227,861.763,20.183,0,0,63.16,444.339,0,0,314.659,0,0,1483.55599975586,1663.185,5,2,16,11814.844,7.2
"33",1,2014-04-23,33,7.2,-0.3,0.8,0.0623579030698004,5241.62799859047,0,0,541.845,4620.119,138.751,18.051,0,0,33.301,279.475,0,0,6.027,0,0.0168236032642812,5842.69999957084,5090.367,4,3,17,5637.569,7.5
"34",1,2014-04-24,34,7.5,-0.3,1,0.0656095349776088,10258.3609998226,1,0,223.852,5814.86,1690.649,209.937,0,0,22.684,595.967,0,0,214.89,0,0.0250645000091801,13387.5780005455,9990.736,2,4,17,8772.839,7.2
"35",1,2014-04-25,35,7.2,-0.2,0.8,0.168302003200494,10331.3259997368,1,1,610.58,6763.355,570.529,21.071,0,0,51.663,1898.492,63.316,0,347.974,0,0.0153181448575005,7109.16100072861,6180.175,4,5,17,10326.98,7.5
"36",1,2014-04-26,36,7.5,0.2,1,0.349816516485314,14072.3319993019,3,4,585.027,1327.952,125.556,27.267,0,0,39.183,2347.325,470.773,0,284.164,0,0.00655968602130118,3187.6789996624,605.347,4,6,17,5207.247,7.7
"37",1,2014-04-27,37,7.7,0.3,1,0.0435628204322123,5681.2300002575,0,0,1290.31,2379.81,1480.895,0,0,0,1056.684,27.47,0,0,32.143,0,0.0225833150392805,1395.56999993324,1568.091,3,7,17,6267.312,7.2
"38",1,2014-04-28,38,7.2,-1,0.6,0.030060843455325,10082.6819999218,2,0,964.101,4208.75,1548.438,465.253,0,0,63.537,2393.782,0,0,380.193,0,0.00183150183150183,22.4049999713898,264.083,7.966,1,17,10024.054,7
"39",1,2014-04-29,39,7,-0.2,0.8,0.156616745733108,6981.74799895286,0,0,5179.758,3454.36,1197.615,0,333.305,0,34.413,393.437,41.982,0,399.362,0,0.000941619585687382,722.05699968338,721.873,5,2,17,11034.232,7.6
"40",1,2014-04-30,40,7.6,0,0.4,0.191879926598272,4990.77600002289,1,0,704.544,2473.918,356.905,30.135,0,0,177.757,49.846,272.798,0,112.295,0,0.0129940865234983,891.457000255585,890.463,5,3,18,4178.198,6.6
"41",1,2014-05-01,41,6.6,-0.4,0.2,0.0425724028924604,9104.84899902343,6,3,1190.891,5670.733,107.431,596.024,0,28.098,44.43,1865.35,0,0,12.116,0,0.0904736676400181,7607.31299901009,6232.803,3,4,18,9515.073,7.1
"42",1,2014-05-02,42,7.1,0,0.8,0.107162985699493,10615.4700009823,0,0,604.282,5022.471,313.462,51.996,0,0,24.423,490.251,0,0,11.083,0,0.037223778400249,4164.64099931717,4369.11,3,5,18,6517.968,7.8
"43",1,2014-05-03,43,7.8,-0.3,1,0.0973899830829044,6944.98300075531,0,1,685.2,3043.998,2739.973,296.313,0,0,33.395,151.87,143.631,30.102,125.605,0,0.0108310192698378,3450.49000000954,3354.016,4,6,18,7250.087,8
"44",1,2014-05-04,44,8,-0.1,1,0.0637264595103578,5347.77799987793,0,0,1027.065,3016.834,928.406,0,0,0,28.484,477.586,0,0,0,0,0.266256952722556,1610.77999949455,2513.182,1,7,18,5478.375,NA
"45",2,2014-03-17,1,6.8,0.1,0.6,0.202277402561378,7654.8880007267,4,0,1080.155,4449.314,320.024,0,0,0,40.401,75.705,0,0,0,0,0.0119706498951782,932.283999443053,705.947,6.323,1,11,5965.599,7.9
"46",2,2014-03-18,2,7.9,0.5,0.9,0.313275080976563,4398.47300100327,15,1,2557.742,3879.163,88.943,0,0,0,80.522,208.338,0,0,0,0,0.0700640490114174,2504.8810005188,2499.769,0,2,11,6814.708,7.1
"47",2,2014-03-19,3,7.1,0.4,0.6,0.394407033917897,7122.71599984169,3,1,1037.123,2096.074,154.147,0,0,0,89.605,47.815,526.429,0,0,0,0.0395095517954816,113.998000383377,112.923,0,3,12,3951.193,7
"48",2,2014-03-20,4,7,-0.8,0.6,0.210845711282898,2110.45800113678,4,0,1246.768,1255.91,76.807,0,0,0,78.72,94.488,0,0,0,0,0.382403758434001,2669.44400072098,1890.689,0,4,12,2752.693,7.8
"49",2,2014-03-21,5,7.8,-0.8,0.8,0.32008598488959,6555.79899835587,6,1,1879.635,2529.084,0,0,0,0,25.868,196.286,311.343,0,0,0,0.141838485568285,2104.19499993325,1078.916,0,5,12,4942.216,6.2
"50",2,2014-03-22,6,6.2,-0.3,-0.2,0.438383911967182,2820.66800141334,21,0,1202.795,606.565,48.945,0,0,0,30.975,62.451,770.355,0,0,0,0.57878166019989,5600.9950017929,3075.56,0,6,12,2722.086,6.4
"51",2,2014-03-23,7,6.4,-0.6,0,0.340784898081263,3824.35600042343,8,1,793.819,1620.221,188.748,0,0,0,54.134,158.679,1086.395,0,0,0,0.0755107425373509,2304.22900032997,1048.367,0,7,12,3901.996,6.3
"52",2,2014-03-24,8,6.3,0.4,-0.2,0.197043703924053,1504.17999911308,1,0,314.97,2739.55,107.881,0,0,0,71.665,232.801,0,0,0,0,0.153441825664048,804.991000175476,817.685,0,1,12,3466.867,7.5
"53",2,2014-03-25,9,7.5,-1.1,0.7,0.31110903750879,3516.91499972344,0,0,758.5,2741.544,273.37,0,0,0,22.15,148.447,0,0,0,0,0.0657040379083563,1161.64900040626,1365.302,0,2,12,3944.011,7.3
"54",2,2014-03-26,10,7.3,-0.8,0.4,0.383968777227708,4628.54700112343,3,0,1400.713,881.113,749.843,0,0,0,34.857,1498.783,0,0,0,0,0.107299128213671,1120.47300028801,2310.082,0,3,13,4565.309,7.4
"55",2,2014-03-27,11,7.4,0.2,0.6,0.241347579388157,2768.57299971581,3,0,1818.448,1937.759,490.781,0,0,0,29.159,71.864,0,0,67.163,0,0.195996753344075,1634.89899921417,2278.433,0,4,13,4415.174,6.7
"56",2,2014-03-28,12,6.7,-0.2,0.6,0.302230786936156,2797.25699973106,2,0,397.221,1113.73,670.314,0,0,0,117.794,2487.861,0,0,0,0,0.198254478774884,3489.26399946213,2604.567,0,5,13,4786.92,6.8
"57",2,2014-03-29,13,6.8,-0.6,0.2,0.404254556597376,2924.02999711037,4,0,808.281,1647.133,275.038,0,0,0,45.715,160.95,501.644,0,0,0,0.505118175816837,1662.16699957848,18115.587,0,6,13,3438.761,7
"58",2,2014-03-30,14,7,-0.3,0.7,0.300751914886918,2854.56199932098,9,1,672.128,1090.946,1145.666,0,0,0,36.963,322.901,0,0,0,0,0.168668390377167,1263.25000071526,852.915,0,7,13,3268.604,6.6
"59",2,2014-03-31,15,6.6,-0.7,0.1,0.209083253211739,4532.64799952507,13,2,993.11,2481.322,354.965,0,0,0,67.619,249.358,0,0,0,0,0.0889944373127942,148.051999330521,141.394,0,1,13,4146.374,7.4
"60",2,2014-04-01,16,7.4,-0.2,0.8,0.335785870248786,2033.62099838257,1,1,2330.547,518.826,38.085,0,0,0,151.11,191.121,345.2,0,0,0,0.0866148481908918,197.373999595642,1952.48,0,2,13,3574.889,6.2
"61",2,2014-04-02,17,6.2,-0.4,0,0.314777195713262,5250.13800096512,1,0,1383.857,2717.409,280.302,0,0,0,117.238,254.688,0,0,0,0,0.331784820226044,2475.54799938202,2533.265,0,3,14,4753.494,6.1
"62",2,2014-04-03,18,6.1,0,0.2,0.430735662187265,4699.10000038147,0,0,970.157,3376.51,125.958,0,0,0,41.74,122.421,254.826,0,0,0,0.201682993839857,1990.45700001716,925.309,0,4,14,4891.612,6.7
"63",2,2014-04-04,19,6.7,-1.3,0.6,0.29251950278126,3168.96700072289,4,0,746.649,2737.983,0,0,0,0,135.315,54.625,0,0,0,0,0.0693739857402538,642.442000865937,674.891,0,5,14,3674.572,7.4
"64",2,2014-04-05,20,7.4,0,0.6,0.351315670635984,8733.59600138664,8,1,1319.386,1784.907,349.61,0,0,0,89.691,152.114,388.071,0,0,0,0.157381012493593,755.15299987793,1336.286,0,6,14,4083.779,5.4
"65",2,2014-04-06,21,5.4,-0.4,-0.4,0.241337799153827,1801.62099838257,5,0,323.32,958,614.164,0,0,0,20.942,222.679,0,0,0,0,0.321194902579571,3970.31900000572,1607.472,3,7,14,2139.105,6.8
"66",2,2014-04-07,22,6.8,0,0.6,0.186396126360416,6090.95299839973,1,0,1469.344,3492.184,737.916,0,0,0,92.445,1820.088,0,0,0,0,0.068464461143951,1853.65400028229,843.344,0,1,14,7611.977,6.4
"67",2,2014-04-08,23,6.4,-0.4,0.6,0.341317656455295,3102.30199956894,10,1,874.666,1760.226,193.48,0,0,0,103.245,617.675,0,0,0,0,0.0812290827907286,674.444000005722,620.889,0,2,14,3549.292,6.5
"68",2,2014-04-09,24,6.5,0,0.1,0.302460419743316,4231.05299973488,8,1,878.406,2058.193,555.675,0,0,0,40.291,234.744,0,0,0,0,0.121626221832835,1520.57000017166,893.565,0,3,15,3767.309,7.1
"69",2,2014-04-10,25,7.1,0.2,0.8,0.357462404057766,6760.60399866104,1,1,1178.171,2527.413,665.931,0,0,0,84.879,137.763,525.113,0,2.045,0,0.117897897897898,592.399000406265,590.311,0,4,15,5121.315,6.4
"70",2,2014-04-11,26,6.4,-0.4,0.4,0.512485352948011,2706.39000105858,3,1,802.239,1583.991,442.072,0,0,0,136.128,112.875,0,0,0,0,0.218816425965767,1395.22399997711,1574.528,0,5,15,3077.305,6.2
"71",2,2014-04-12,27,6.2,-0.6,0.2,0.453667514810587,2091.55200004578,2,1,1161.831,1129.694,0,0,0,0,0,132.659,0,0,6.986,0,0.329466583128777,3194.79200005531,2223.82,0,6,15,2431.17,7.2
"72",2,2014-04-13,28,7.2,-0.6,0.5,0.425565406581995,1919.66499733925,0,0,356.479,759.003,371.52,0,0,0,73.068,95.948,159.646,0,0,0,0.110354631144872,1259.7200012207,1173.181,0,7,15,1815.664,8.4
"73",2,2014-04-14,29,8.4,0,1.2,0.252161249558852,2543.65400075913,8,7,606.723,1784.89,95.772,0,0,0,21.182,56.817,0,0,84.488,0,0.0488696612177939,346.784000396729,389.266,0,1,15,2649.872,NA
"74",3,2014-03-22,1,7.5,0.9,0.8,0.179236096357449,2136.09999990463,7,0,414.434,259.634,1583.949,0,0,0,68.675,0,39.498,0,0,0,0.00954224751600135,273.899000406265,2507.405,5.216,6,12,2366.19,8
"75",3,2014-03-23,2,8,-0.3,1.4,0.0970878070426297,4343.63100004196,1,1,417.257,1335.631,1366.947,36.364,0,161.998,156.257,0,275.405,0,0,44.854,0.122885184591983,482.647999763489,481.057,4,7,12,3794.713,7.8
"76",3,2014-03-24,3,7.8,-0.6,1.4,0.140551569403273,6165.31200027466,3,0,92.246,2276.284,3851.188,105.217,0,125.325,842.979,0,0,0,5.136,0,0.0517137091448888,646.70700097084,655.305,5,1,12,7298.375,7.8
"77",3,2014-03-25,4,7.8,-0.4,1.2,0.212429256837587,3665.37200045586,6,1,1044.495,1250.146,1340.467,447.543,0,141.076,121.579,0,0,0,28.843,0,0.00501128368511881,75.7339992523193,75.3,6,2,12,4374.149,8
"78",3,2014-03-26,5,8,0.6,1,0.145845121824487,3234.95999908447,1,0,118.639,1292.779,1626.622,87.141,0,20.684,53.404,0,12.84,7.649,0,0,0,125.739999771118,125.276,7,3,13,3219.758,7.8
"79",3,2014-03-27,6,7.8,0,0.8,0.150232253537017,2933.90700101852,1,1,566.184,653.403,1614.349,0,0,13.437,60.032,0,0,0,17.49,0,0,751.016999721527,750.537,7,4,13,2924.895,7.8
"80",3,2014-03-28,7,7.8,-0.2,1.4,0.163864001154342,3165.39699816704,3,0,277.526,936.381,3335.114,0,0,46.206,246.376,0,0,0,7.045,0,0.0266534391534392,376.743000745773,374.77,5,5,13,4848.648,8.5
"81",3,2014-03-29,8,8.5,-0.3,1.5,0.256791427330681,1516.73600029945,0,1,19.31,145.878,1811.552,49.371,0,0,88.031,0,0,0,0,0,0.00418624750175553,50.0269999504089,50.011,6,6,13,2114.142,8.1
"82",3,2014-03-30,9,8.1,-0.4,1.1,0.251060921303644,3416.59799933434,1,0,12.869,1186.827,2025.191,0,0,26.284,121.437,0,0,0,0,31.955,0.00864808703092531,744.655000209809,741.12,5,7,13,3404.563,7.4
"83",3,2014-03-31,10,7.4,0.4,0.6,0.129139744914405,9184.98699998856,3,0,2027.731,4252.809,1676.682,77.491,0,0,85.652,0,0,0,5.16,0,0.00233918128654971,152.121000051498,151.303,7,1,13,8125.525,7.6
"84",3,2014-04-01,11,7.6,0.4,0.4,0.155862944234098,3178.9139995575,2,0,543.663,698.548,1626.554,58.641,0,62.49,189.739,0,0,0,0,0,0.00778998406401519,213.256999969483,213.061,6,2,13,3179.635,7.4
"85",3,2014-04-02,12,7.4,0.2,0.6,0.123476778834824,3292.09300088883,1,0,842.596,820.558,1975.193,65.439,0,18.699,44.646,0,54.145,0,0,0,0,26.8799998760223,26.745,6,3,14,3821.276,7.6
"86",3,2014-04-03,13,7.6,0,1,0.133818327039974,2092.60099983215,0,0,120.529,572.821,2057.58,52.834,0,0,72.978,0,0,0,29.197,0,0.00404040404040404,72.146999835968,19525.072,5,4,14,2905.939,7.8
"87",3,2014-04-04,14,7.8,0.2,1.4,0.139370496666015,2820.40899825096,0,3,607.014,804.091,1319.079,47.284,0,6.163,865.36,0,0,0,0,0,0,220.144999980927,218.937,6,5,14,3648.991,7.6
"88",3,2014-04-05,15,7.6,0.7,1.1,0.13499316539022,2964.6789996624,6,0,216.061,432.423,2257.933,0,0,4.064,55.765,0,0,0,0,0,0,411.035000562668,415.384,7,6,14,2966.246,7
"89",3,2014-04-06,16,7,0.1,0.8,0.0967584577924701,5410.17799901963,0,0,0,401.723,3988.236,0,0,0,1016.542,0,0,0,0,0,0.115458892400419,1017.10599923134,1018.49,4,7,14,5406.501,7.4
"90",3,2014-04-07,17,7.4,0.2,1,0.228461482535917,4835.87599992752,2,0,596.011,1787.445,2494.748,0,0,124.681,45.837,0,0,17.13,0,0,0.00815494393476044,489.247999668121,488.377,7,1,14,5065.852,7.4
"91",3,2014-04-08,18,7.4,0.4,1.2,0.153550805992382,2283.92899990082,2,1,376.932,535.06,1284.615,27.089,0,0,53.678,0,0,0,0,0,0.00340136054421769,199.768999814987,199.14,7,2,14,2277.374,7.8
"92",3,2014-04-09,19,7.8,0.6,1,0.147395573288355,1337.49100017548,0,0,23.843,648.248,771.727,0,0,1.417,64.395,0,0,0,0,0,0.0209643605870021,2191.96300005913,2191.151,6,3,15,1509.63,7.2
"93",3,2014-04-10,20,7.2,-0.1,0.8,0.172906238584311,4746.640001297,0,2,103.689,1778.979,2765.576,0,0,5.217,74.89,13.22,0,0,0,0,0,436.230999469757,435.117,7,4,15,4741.571,7.6
"94",3,2014-04-11,21,7.6,0.2,1,0.18312873967059,2864.18899917602,0,0,102.159,1507.141,1294.574,17.149,0,2.1,296.791,0,0,0,4.513,0,0,2271.62100005149,2270.891,7,5,15,3224.427,7.4
"95",3,2014-04-12,22,7.4,0.2,0.7,0.199648907878637,2403.86499929428,5,0,67.806,228.545,11279.01,0,0,0,1060.959,0,0,0,9.33,0,0.0152869892737247,2119.73200011254,21490.854,5,6,15,12645.65,7.6
"96",3,2014-04-13,23,7.6,-0.2,1,0.123343984603399,6675.55699920654,0,1,1381.068,2389.031,2621.747,0,0,0,4309.538,0,0,0,0,0,0.00601806625903011,88.9530000686645,846.208,6,7,15,10701.384,7
"97",3,2014-04-14,24,7,0,0.8,0.148634025148491,4014.86199998855,0,1,1808.078,3480.279,1128.517,0,0,8.073,55.989,0,0,0,0,0,0.00279347143753924,1076.99599957466,1278.126,6,1,15,6480.936,7.6
"98",3,2014-04-15,25,7.6,0.2,0.8,0.187254181209105,3606.5489988327,6,0,711.439,2061.452,1741.125,0,0,6.025,63.023,0,0,0,0,0,0,215.585000276566,215.193,6,2,15,4583.064,8
"99",3,2014-04-16,26,8,0.5,1,0.179571099729423,5023.58500027656,2,0,244.239,1197.056,3465.909,18.113,0,33.186,175.38,0,0,0,7.662,0,0.00672302737520129,358.23599934578,357.122,6,3,16,5141.545,7.3
"100",3,2014-04-17,27,7.3,0.1,0.8,0.20843505781727,4429.98000025749,2,2,1769.219,1409.547,1131.919,172.576,0,0,167.096,0,0,0,31.331,0,0.00676328502415459,310.981999874115,310.628,7,4,16,4681.688,7.2
"101",3,2014-04-18,28,7.2,-0.4,0.6,0.0832915177672845,3915.68800091743,3,0,1316.505,844.01,2799.03,0,0,183.844,39.189,0,0,0,7.954,0,0.0818628513018794,2297.84499931335,2534.982,4,5,16,5190.532,7.8
"102",3,2014-04-19,29,7.8,0.6,0.8,0.28579044698547,941.803000211715,4,1,117.624,697.691,32.017,0,0,0,46.442,0,69.034,0,0,0,0.00455373406193078,616.730000257492,609.154,6,6,16,962.808,7.3
"103",3,2014-04-20,30,7.3,0.2,1,0.193833951359081,2208.47699904442,3,2,489.672,417.102,879,0,0,0,23.981,0,0,225.16,0,0,0.0900731050404002,934.058000326157,932.174,5,7,16,2034.915,7.2
"104",3,2014-04-21,31,7.2,0,0.6,0.0158669492514202,2952.47000002861,3,0,723.06,73.994,1415.717,23.194,0,0,1397.028,0,156.966,0,5.461,0,0.0865832338839687,1443.65900039673,1441.293,4,1,16,3795.42,7.6
"105",3,2014-04-22,32,7.6,0.4,0.8,0.146188030756365,3427.55200052261,0,0,126.094,1795.287,2329.088,0,0,39.548,55.412,0,0,0,0,0,0,2470.51600003243,2467.361,6,2,16,4345.429,7
"106",3,2014-04-23,33,7,0.6,0.8,0.154960557366975,3801.14799976349,0,1,145.374,1424.058,2018.976,159.123,0,0,42.397,0,0,0,0,0,0.00396825396825397,65.83899974823,65.699,7,3,17,3789.928,7.5
"107",3,2014-04-24,34,7.5,-0.2,1,0.167862617142927,4646.38800024986,0,0,115.675,2602.757,1719.425,52.354,0,0,148.837,0,0,0,0,0,0.0627716559534741,471.27999997139,470.556,6,4,17,4639.048,7.3
"108",3,2014-04-25,35,7.3,-0.6,0.8,0.166938705997302,8510.78899979591,0,0,42.124,7189.338,1802.191,30.254,0,178.498,47.379,0,0,0,10.174,0,0.00289855072463768,247.216000080108,268.682,6,5,17,9299.958,7.5
"109",3,2014-04-26,36,7.5,-0.1,0.8,0.315848398255813,1320.12999939918,4,3,391.963,58.444,775.431,0,0,0,70.237,19.455,0,0,0,0,0.155345434888749,2961.87399959564,2913.992,3,6,17,1315.53,7.6
"110",3,2014-04-27,37,7.6,-1.3,1,0.069593459741775,3831.40199971199,0,0,8.94,876.223,3077.367,0,0,0,1282.474,0,160.098,0,0,0,0.0408357075023742,1559.98100042343,1997.937,6,7,17,5405.102,7
"111",3,2014-04-28,38,7,-1.4,1,0.132205584545813,3266.62800002098,1,0,118.209,2794.556,3479.855,16.065,0,0,40.669,7.876,0,5.412,13.238,0,0.058816425120773,1459.53499937057,5893.648,6,1,17,6475.88,7.6
"112",3,2014-04-29,39,7.6,-0.2,1,0.187489114735605,3151.20699882507,0,0,20.779,1787.087,978.207,23.218,0,6.506,52.965,0,0,0,0,0,0,98.5920000076295,105.484,6,2,17,2868.762,7
"113",3,2014-04-30,40,7,-1.2,1,0.143507585326449,4041.86899900436,0,0,191.088,1860.393,2001.633,0,0,0,79.101,0,0,0,16.27,0,0.00404040404040404,518.707999944687,517.659,7,3,18,4148.485,7.2
"114",3,2014-05-01,41,7.2,-0.8,1,0.1852622082072,3067.67499995231,1,0,1824.377,1083.126,2484.255,0,0,61.166,57.969,0,0,0,12.198,0,0,56.1040000915527,55.969,7,4,18,5523.091,7.9
"115",3,2014-05-02,42,7.9,-0.7,1.4,0.18377992038259,5920.36500024796,10,1,274.715,895.443,3616.704,43.224,0,0,700.908,0,49.673,0,20.623,0,0.054933211900425,677.285000085831,676.794,6,5,18,5601.29,7.6
"116",3,2014-05-03,43,7.6,-0.7,1,0.174501695256759,6393.52300024033,5,0,550.479,480.493,2759.581,0,0,0,47.105,0,72.509,0,11.342,0,0.127038593215064,715.724000453949,715.361,3,6,18,3921.509,7.4
"117",3,2014-05-04,44,7.4,-1.2,0.8,0.104732245727275,2806.41300010681,4,0,80.634,165.467,2519.3,0,0,0,37.76,0,0,0,0,0,0.00461432506887052,1033.86199951172,1031.671,6,7,18,2803.161,7
"118",3,2014-05-05,45,7,-0.8,1,0.160741782801274,3074.53999948502,2,1,124.644,944.373,1599.755,13.243,0,0,249.249,0,130.482,0,6.155,0,0.00187934151679513,241.776000261307,241.634,6,1,18,3067.901,7
"119",3,2014-05-06,46,7,-1,1.2,0.137715396653659,1034.11499929428,0,0,434.101,786.66,196.494,0,0,1.324,0,0,0,0,0,0,0.00191570881226053,178.970000267029,178.574,6,2,18,1418.579,7.6
"120",3,2014-05-07,47,7.6,-0.6,1,0.150009459190021,3223.63100075722,0,0,719.681,1055.827,1173.41,0,0,13.905,248.793,0,0,0,0,0,0.000966183574879227,752.082999706268,609.101,6,3,19,3211.616,NA
"121",5,2014-03-16,1,6.6,-0.6,0.2,0.100885864572027,3587.71099925041,3,0,366.96,2626.825,449.067,0,0,0,63.415,0,0,55.344,22.33,0,0.0190081588190832,382.142999649048,380.953,3.597,7,11,3583.941,6
"122",5,2014-03-17,2,6,-0.4,0.4,0.126405620292303,2950.72300124168,0,2,836.545,985.928,934.586,0,0,0,125.539,0,0,7.068,7.073,0,0.0683151567837166,1764.36899995804,1765.025,5.765,1,11,2896.739,7.4
"123",5,2014-03-18,3,7.4,0,1,0.158509387687448,7053.4410007,9,0,411.702,2789.985,705.148,0,0,0,52.356,0,0,4.102,46.766,0,0.00376647834274953,2652.19200015068,2649.871,5,2,11,4010.059,6.8
"124",5,2014-03-19,4,6.8,0.8,0.8,0.182997680892306,2869.63600111008,0,0,121.137,1724.041,893.344,0,0,0,104.946,0,0,20.153,0,0,0.080369931515776,1099.02799987793,1097.846,3,3,12,2863.621,7.2
"125",5,2014-03-20,5,7.2,1,0.8,0.165258018586745,4094.61599898338,0,1,87.594,3480.012,461.393,0,0,0,143.478,0,0,0,0,0,0.0147793334970933,2803.89600014687,2801.838,5,4,12,4172.477,7
"126",5,2014-03-21,6,7,0,1,0.0623216352277082,2128.77300024033,2,3,385.59,1544.644,219.929,0,0,0,39.7,0,0,0,0,0,0.0401878858222569,292.674000024795,291.847,3,5,12,2189.863,4.4
"127",5,2014-03-22,7,4.4,-1.6,-0.6,0.0249596422436674,1038.93599963188,0,0,4.012,936.457,66.26,0,0,0,97.967,0,0,0,7.036,0,0.0269179993455014,1197.43499922752,1194.948,5,6,12,1111.732,4.4
"128",5,2014-03-23,8,4.4,-1.4,-1,0.136388635596938,3496.55300021172,1,9,269.464,2401.418,749.339,0,0,0,76.001,0,0,0,0,0,0.0037037037037037,395.688000202179,395.561,7,7,12,3496.222,4.2
"129",5,2014-03-24,9,4.2,-1.4,-0.8,0.0120550815091083,3644.1350004673,0,1,1117.885,3295.811,554.26,0,0,0,113.032,0,0,99.938,0,0,0,524.571000099182,523.61,6,1,12,5180.926,6
"130",5,2014-03-25,10,6,-0.6,0.6,0.0556283552429389,9074.16800117492,0,1,115.586,5525.853,2667.858,0,0,0,236.771,0,0,157.198,488.927,0,0,511.365000247955,510.051,5,2,12,9192.193,5.6
"131",5,2014-03-26,11,5.6,-0.6,0.4,0.049274804176202,6395.72599959374,0,1,160.431,6015.227,190.774,0,0,0,93.703,0,0,124.287,0,0,0.0333874093151855,929.686000347138,934.545,4,3,13,6584.422,5.8
"132",5,2014-03-27,12,5.8,-0.6,0.2,0.110551752837853,10188.0260024071,1,1,610.733,8303.476,613.504,0,0,0,93.243,0,0,137.643,26.285,0,0.00564971751412429,1695.4819996357,1639.551,5,4,13,9784.884,6.1
"133",5,2014-03-28,13,6.1,0.3,0.6,0.0718320478458957,4472.06600022316,1,0,250.851,3620.74,3962.241,0,0,0,64.954,345.007,0,0,17.071,0,0.0226948479854819,1206.46399927139,1204.323,4,5,13,8260.864,6.4
"134",5,2014-03-29,14,6.4,-0.4,1,0.158926082809841,2381.24499988556,3,1,420.522,1525.301,332.495,0,0,0,79.196,0,0,0,47.14,0,0,194.90700006485,239.022,3,6,13,2404.654,6.6
"135",5,2014-03-30,15,6.6,-0.6,0.8,0.0858910741650169,2889.14800000191,4,0,179.226,2227.848,294.269,0,0,0,115.319,0,0,22.921,51.572,0,0.0696309663700968,189.596000432968,188.939,3,7,13,2891.155,6.8
"136",5,2014-03-31,16,6.8,-0.3,1,0.0673884937364386,774.563999414444,2,0,110.377,330.673,70.481,0,0,0,78.145,0,0,159.732,66.526,0,0,1120.60499930382,1022.288,6,1,13,815.934,7
"137",5,2014-04-01,17,7,0,1,0.117726804972306,3996.83199906349,0,0,414.623,2647.748,449.243,0,0,0,57.488,351.158,0,52.488,19.131,0,0.040183706744267,1120.19100022316,2243.971,3,2,13,3991.879,7
"138",5,2014-04-02,18,7,-0.2,1,0.0911426335129163,2679.06299924851,0,0,275.141,1653.011,430.383,0,0,0,81.884,68.703,0,155.363,10.106,0,0.0503022693081172,126.290999889374,163.287,3,3,14,2674.591,7.2
"139",5,2014-04-03,19,7.2,-1,0.8,0.0844023765363009,4555.48499894142,0,0,707.565,3009.696,251.912,0,0,0,66.897,644.762,0,0,0,0,0,586.117999792099,585.885,6,4,14,4680.832,7
"140",5,2014-04-04,20,7,-0.9,1,0.0624439538332917,5716.62400078774,3,0,1096.743,3795.699,160.579,0,0,0,163.206,237.591,0,240.52,12.31,0,0,36.9660000801086,36.873,8,5,14,5706.648,7.4
"141",5,2014-04-05,21,7.4,0.2,1,0.0820153887843645,1897.19200062752,1,0,279.144,1102.792,170.782,0,0,0,134.656,0,0,117.526,0,0,0.00647747314413981,3424.19599986077,3422.403,5,6,14,1804.9,6.9
"142",5,2014-04-06,22,6.9,-0.6,1,0.0336337078087437,1773.25199985504,1,0,195.959,1408.94,721.333,0,0,0,49.259,0,0,0,0,0,0.198321111804417,3051.19000029564,3046.816,1,7,14,2375.491,7
"143",5,2014-04-07,23,7,-0.6,0.8,0.106973911070355,4763.60700011254,1,0,471.083,3829.728,327.199,0,0,0,50.984,0,0,46.251,32.203,0,0,34.1790003776551,34.015,6,1,14,4757.448,6.7
"144",5,2014-04-08,24,6.7,0.1,0.5,0.11657935585265,1247.36500144005,1,0,114.406,505.412,1887.171,0,0,0,641.66,0,0,7.044,0,0,0.00211640211640211,985.040999650956,989.602,5,2,14,3155.693,7
"145",5,2014-04-09,25,7,0.2,0.6,0.202844101613092,4492.96799898147,1,0,370.344,3161.398,795.428,0,0,0,62.737,7.161,0,87.147,4.016,0,0.0890768141915409,644.434000015259,643.292,4,3,15,4488.231,7.2
"146",5,2014-04-10,26,7.2,0.8,1,0.0194936308021933,1848.51099991798,1,0,221.285,926.767,822.847,0,0,0,1885.095,257.664,0,0,0,0,0.0130843093806057,3269.34899950028,3268.231,6,4,15,4113.658,6.7
"147",5,2014-04-11,27,6.7,0.2,0.4,0.136690683417129,3958.48500013352,0,0,586.806,2244.219,459.76,0,0,21.127,88.848,60.99,0,0,5.04,0,0.00624758979968167,1597.81900048256,2532.086,3,5,15,3466.79,7
"148",5,2014-04-12,28,7,-1.1,0.9,0.0580153440326981,6649.08999872208,0,3,301.019,4984.983,461.894,0,0,0,38.513,473.02,0,148.693,33.42,0,0.0534495869096002,2308.4640007019,2537.872,2,6,15,6441.542,7.2
"149",5,2014-04-13,29,7.2,0.6,1,0.182603813510299,2127.74100041389,12,0,502.628,1591.817,201.134,0,0,0,112.148,198.636,0,0,0,0,0.00266666666666667,2185.87699985504,2126.21,5,7,15,2606.363,6.4
"150",5,2014-04-14,30,6.4,-1.2,0.4,0.136395564953731,2805.5049996376,0,0,546.633,807.073,335.056,0,0,0,85.678,850.699,0,246.393,11.048,0,0,203.78200006485,203.643,7,1,15,2882.58,6.9
"151",5,2014-04-15,31,6.9,0.1,0.6,0.0812548880263342,7049.08200073242,0,0,375.353,3861.914,591.244,0,0,0,578.817,1547.839,0,219.536,11.224,0,0.0461152279566602,1525.23300027847,1523.015,5,2,15,7185.927,7.4
"152",5,2014-04-16,32,7.4,-0.5,0.9,0.132356341828312,1619.53699994087,0,0,200.719,1049.894,170.486,0,0,0,113.259,420.591,0,0,23.194,0,0.0716567135985871,290.90299987793,289.955,2,3,16,1978.143,6.6
"153",5,2014-04-17,33,6.6,0.4,0.6,0.148413380847895,5150.33099961281,0,0,510.388,3341.856,370.253,0,0,0,73.746,828.657,0,19.958,40.364,0,0.00466853408029879,77.2889997959136,86.436,4,4,16,5185.222,7.3
"154",5,2014-04-18,34,7.3,0.1,0.9,0.177377860143927,3497.0830013752,1,1,327.335,3012.849,689.406,0,0,0,258.479,632.169,0,192.519,0,0,0.062389770723104,398.465000391007,993.086,4,5,16,5112.757,7.2
"155",5,2014-04-19,35,7.2,-0.8,0.8,0.0951969615147463,2234.93500161171,2,0,111.437,980.093,21.628,0,0,0,94.029,904.395,0,105.788,14.285,0,0.00850712854954637,2371.82599925995,2268.411,6,6,16,2231.655,7.1
"156",5,2014-04-20,36,7.1,-1.1,0.8,0.040543092488361,5186.98400020599,0,0,142.113,3478.837,230.849,0,0,0,38.292,1229.886,0,173.338,77.709,0,0.0259618108674712,816.216999769211,815.046,4,7,16,5371.024,7.2
"157",5,2014-04-21,37,7.2,-0.6,1,0.153991473881393,5931.55500006676,0,0,360.805,4686.679,200.308,0,0,0,48.339,346.483,5.029,55.333,129.515,0,0.00730249711188128,2300.75299978256,2293.838,5,1,16,5832.491,7.1
"158",5,2014-04-22,38,7.1,-0.2,1,0.0966678787201048,4716.68600201607,1,1,525.8,2204.745,279.441,0,0,0,143.081,1447.056,0,97.567,12.18,0,0.011976320582878,1411.61499977112,1409.392,6,2,16,4709.87,7.2
"159",5,2014-04-23,39,7.2,-1,1,0.0891500183129571,3440.23400020599,0,1,225.718,2530.83,957.521,0,0,0,44.045,430.919,0,92.739,0,0,0.0737565093322289,59.2359995841979,59.513,2,3,17,4281.772,6.8
"160",5,2014-04-24,40,6.8,-0.3,0.6,0.0610729732838944,4005.51300024986,0,0,215.666,3164.791,49.367,0,0,0,41.083,470.029,0,49.194,10.037,0,0,1313.85899877548,1530.514,5,4,17,4000.167,7
"161",5,2014-04-25,41,7,-1.1,0.8,0.0727446039837881,4504.67900180817,0,0,88.289,2912.724,543.247,0,0,0,56.738,1008.382,0,218.396,17.132,0,0.0032012210230032,1016.64400029182,1060.458,4,5,17,4844.908,7.6
"162",5,2014-04-26,42,7.6,-0.4,1,0.144434313616616,3980.15500068664,2,1,372.826,2720.735,601.12,0,0,0,115.221,370.926,0,16.074,61.388,0,0.297788439352791,1906.98000049591,3698.012,0,6,17,4258.29,7.4
"163",5,2014-04-27,43,7.4,-0.6,1,0.0101552699058558,2020.10699987412,0,0,106.175,2517.932,130.679,0,0,0,205.461,331.212,0,0,32.427,0,0.0361146287697575,1301.9390001297,1299.694,5,7,17,3323.886,7
"164",5,2014-04-28,44,7,-0.6,1,0.0102551674524834,2576.7160012722,1,0,181.788,2078.087,208.677,0,0,0,30.493,558.547,0,174.014,0,0,0.00306287563569117,650.756000757217,650.149,3,1,17,3231.606,6.8
"165",5,2014-04-29,45,6.8,0.4,0.8,0.0497585804280525,3486.40399885178,0,0,0,2579.543,568.642,0,0,0,131.153,463.605,0,175.478,10.124,0,0.00930831233861537,3408.88099908829,3313.449,5,2,17,3928.545,7
"166",5,2014-04-30,46,7,-0.6,1,0.00666487053927717,1714.69699931145,0,0,31.581,980.163,75.531,0,0,0,64.292,345.148,0,203.296,10.068,0,0.172430636938539,1777.29200029373,3501.155,2,3,18,1710.079,6.8
"167",5,2014-05-01,47,6.8,-0.2,1,0.0395667392687081,4387.81799912453,0,0,169.829,3662.962,80.95,0,0,0,100.85,328.906,0,0,0,0,0.00909475286932691,559.391000032424,748.114,5,4,18,4343.497,7
"168",5,2014-05-02,48,7,-0.2,1,0.00718723490963387,11571.2369992733,0,1,2927.907,6913.984,298.981,0,0,0,425.419,825.271,0,88.472,24.1,0,0.0037037037037037,1162.12099957466,1161.594,5,5,18,11504.134,6.6
"169",5,2014-05-03,49,6.6,0.4,1,0.0756024537433743,2890.74199891091,1,5,438.691,2165.502,144.777,0,0,0,43.029,302.522,0,196.056,0,0,0.00249687890137328,693.994000196458,705.456,5,6,18,3290.577,7.2
"170",5,2014-05-04,50,7.2,0.6,1.2,0.113881344878124,3769.88299942017,0,0,105.805,3109.15,178.525,0,0,0,86.017,71.958,0,110.071,26.158,0,0.0192515143971455,720.22500038147,719.063,5,7,18,3687.684,NA
"171",6,2014-03-26,1,7.8,0.2,1.4,0.112119628003498,6373.24700117111,2,0,212.512,2511.928,1774.654,0,0,35.692,45.8,2726.932,375.373,0,0,0,0.113888888888889,3447.94800019264,3447.512,6,3,13,7682.891,7.4
"172",6,2014-03-27,2,7.4,0.6,0.6,0.151572104018912,6990.87500047684,1,0,516.66,3311.658,2117.352,0,0,0,49.566,988.405,0,0,0,0,0.252777777777778,1525.60799980164,1524.96,5.923,4,13,6983.641,7.4
"173",6,2014-03-28,3,7.4,-0.2,0.9,0.20530578898226,5087.23500204086,0,1,42.311,2472.488,1753.295,0,0,42.263,350.743,1823.789,80.015,0,0,0,0.0465277777777778,1324.29100012779,2452.317,5.679,5,13,6564.904,7.3
"174",6,2014-03-29,4,7.3,-0.2,0.8,0.143725490196078,2888.59599971771,0,0,32.411,1569.364,636.052,0,0,0,91.402,665.134,0,0,0,0,0.0388888888888889,1687.06999993324,1733.359,5.483,6,13,2994.363,7.8
"175",6,2014-03-30,5,7.8,0.2,0.8,0.198401677610935,7129.28199934959,1,3,1548.229,481.886,2026.487,0,1031.173,0,37.321,2058.013,0,0,0,2.799,0.158333333333333,1019.84100008011,1019.536,4.949,7,13,7185.908,6.8
"176",6,2014-03-31,6,6.8,-0.2,0.3,0.157777777777778,6719.9849998951,1,0,2014.173,1505.759,2049.842,0,0,27.522,38.229,2023.644,0,0,0,0,0.18620218579235,1803.13299965858,1802.868,6.839,1,13,7659.169,7.4
"177",6,2014-04-01,7,7.4,0,0.6,0.250807622504537,5791.36399960518,3,0,1303.736,1889.429,675.254,0,0,0,46.635,1874.682,0,0,0,0,0.0203125,784.337000608444,1612.176,6.465,2,13,5789.736,6.8
"178",6,2014-04-02,8,6.8,-0.6,0.4,0.177556022408964,7698.09100103378,3,0,393.457,3550.673,1267.029,0,0,167,58.694,2584.12,22.122,0,0,0,0.0386986301369863,2579.50600004196,3519.824,6.629,3,14,8043.095,6.9
"179",6,2014-04-03,9,6.9,0.1,0.4,0.237472613458529,5450.96400022507,2,0,467.818,3430.564,581.369,0,9.028,0,39.458,1302.559,86.768,0,0,0,0.0617469879518072,2509.0150001049,2757.263,5.374,4,14,5917.564,6.8
"180",6,2014-04-04,10,6.8,-0.7,0.2,0.166126984126984,8585.59800028801,0,0,859.879,3427.994,1307.043,0,774.498,0,33.636,1626.943,549.962,0,0,0,0.075,656.40099978447,656.172,6.179,5,14,8579.955,7.1
"181",6,2014-04-05,11,7.1,-0.9,0.9,0.29671834625323,1972.09800004959,2,0,525.553,1200.329,416.276,0,0,0,61.082,299.111,119.68,0,0,0,0.0166666666666667,760.064999818802,3001.813,5.853,6,14,2622.031,7.2
"182",6,2014-04-06,12,7.2,-0.4,0.6,0.0233333333333333,5192.21899914742,1,0,740.326,885.777,499.49,0,0,0,68.665,2997.312,0,0,0,0,0.00740740740740741,2125.49000000954,2125.269,2,7,14,5191.57,6.3
"183",6,2014-04-07,13,6.3,-0.8,0.2,0.202051282051282,4753.06200027466,2,0,221.062,2608.313,371.283,0,0,0,35.331,2049.386,37.449,0,0,0,0.078125,108.326000213623,108.173,7.476,1,14,5322.824,6.6
"184",6,2014-04-08,14,6.6,-0.2,-0.1,0.196604938271605,5065.34799957275,3,1,548.848,2934.406,960.973,0,0,172.817,53.186,388.642,0,0,0,0,0.122222222222222,1641.40699887276,3367.697,5.187,2,14,5058.872,7.4
"185",6,2014-04-09,15,7.4,0.4,0.8,0.111374269005848,5678.85199999809,0,0,254.834,2575.217,1711.131,0,0,473.817,48.611,565.781,0,0,0,1.007,0.0388888888888889,2828.00499963761,4716.42,5.862,3,15,5630.398,7
"186",6,2014-04-10,16,7,-0.2,0.3,0.269628205128205,6102.25299978256,1,4,555.651,2798.084,745.369,0,9.124,0,51.58,1597.991,890.794,0,0,26.138,0.0775252525252525,4010.91499996186,6203.574,5.713,4,15,6674.731,7.8
"187",6,2014-04-11,17,7.8,-0.2,1,0.228496841322928,5698.24799990654,0,0,40.382,2719.149,6168.528,0,0,90.136,43.294,1840.405,56.723,0,0,0,0.0670433145009416,1450.10400009155,3155.166,5.735,5,15,10958.617,7.4
"188",6,2014-04-12,18,7.4,-0.3,0.6,0.295407958055017,3363.4610004425,0,0,257.655,321.818,1355.823,0,371.671,0,81.857,882.391,70.887,0,0,16.081,0.109386973180077,1130.29699969292,1139.737,5.992,6,15,3358.183,6.7
"189",6,2014-04-13,19,6.7,-0.9,0.6,0.335300630675025,6762.52300024033,2,0,1193.635,3226.71,590.417,0,0,0,41.43,1382.903,404.989,0,0,0,0.0305555555555556,830.638000249862,830.352,6,7,15,6840.084,7.4
"190",6,2014-04-14,20,7.4,-0.2,0.8,0.180668549905838,2885.60999941826,1,0,204.504,1745.501,430.978,0,0,29.434,38.558,430.201,0,0,0,0,0.216842150316727,897.411999940872,1762.09,6.621,1,15,2879.176,7
"191",6,2014-04-15,21,7,-0.4,0.6,0.234444444444444,2987.98499989509,2,1,45.868,1916.398,765.679,0,0,71.646,51.939,716.386,18.202,0,0,12.056,0.0367149758454106,2757.4319999218,3895.673,5.448,2,15,3598.174,7.6
"192",6,2014-04-16,22,7.6,0,0.4,0.143137254901961,9299.52799892426,0,0,400.03,3787.566,2152.528,0,0,18.5,65.859,2255.913,80.631,0,0,0,0.1,2572.63699984551,3479.605,5.935,3,16,8761.027,6.8
"193",6,2014-04-17,23,6.8,0.2,0.6,0.181449275362319,11292.3350007534,1,0,613.868,3657.681,2961.426,0,0,297.992,1444.059,1975.742,0,0,0,0,0.0837301587301587,6630.01599979401,6657.688,5.795,4,16,10950.768,6.4
"194",6,2014-04-18,24,6.4,-1.2,0.4,0.169677419354839,6900.23100137711,3,0,714.672,3398.975,1968.656,0,76.947,10.072,47.775,803.208,331.93,0,0,0,0.00277777777777778,1040.37200021744,1202.713,5.65,5,16,7352.235,6.8
"195",6,2014-04-19,25,6.8,0.2,0.6,0.151666666666667,4513.71300077438,4,0,596.872,2416.131,1138.951,0,0,0,54.816,188.92,116.222,0,0,0,0.0154320987654321,861.71399974823,914.966,0,6,16,4511.912,7.8
"196",6,2014-04-20,26,7.8,0.4,0.8,0.0377777777777777,3286.14100074768,0,0,65.319,884.994,742.115,0,0,0,43.534,1753.2,0,0,0,0,0.0037037037037037,401.536000013351,401.366,5,7,16,3489.162,7
"197",6,2014-04-21,27,7,0.2,0.6,0.0766932413991237,6634.9849998951,1,0,36.102,2599.349,2383.334,0,0,0,51.656,1651.466,36.522,0,0,0,0.0558908045977012,1822.32499980926,1821.842,6.114,1,16,6758.429,6.6
"198",6,2014-04-22,28,6.6,-0.4,0.6,0.152097505668934,10902.3949978352,6,1,1629.804,5050.877,2732.12,0,0,43.966,62.159,1206.809,230.95,0,0,0,0.0269230769230769,509.28099989891,1177.412,6.14,2,16,10956.685,7.3
"199",6,2014-04-23,29,7.3,-0.3,1.1,0.144485815602837,7355.73399972916,4,0,353.747,4200.729,1697.773,0,0,37.754,127.131,864.697,39.757,0,0,26.582,0.0613095238095237,4208.33600068092,4583.638,5.199,3,17,7348.17,7.4
"200",6,2014-04-24,30,7.4,-0.4,0.8,0.274519281875628,6927.64499926567,5,3,1067.787,3784.54,899.262,0,0,0,123.409,957.28,166.559,0,0,15.117,0.0656530885446548,2368.6289999485,3451.764,5.781,4,17,7013.954,6.6
"201",6,2014-04-25,31,6.6,-0.3,0.4,0.217463768115942,4852.34500002861,3,0,663.293,2130.838,850.937,0,0,52.646,39.355,1997.896,151.347,0,0,0,0.279761904761905,258.980000019074,427.95,5.994,5,17,5886.312,7.2
"202",6,2014-04-26,32,7.2,0,1,0.300555555555556,5382.40500116348,10,1,690.758,2676.489,746.216,0,0,121.057,21.14,201.076,924.031,0,0,0,0.0444444444444445,3382.69800019264,3385.54,1,6,17,5380.767,7.2
"203",6,2014-04-27,33,7.2,-0.6,1,0.0425490196078431,746.278000354767,0,0,0,344.678,289.252,0,0,0,44.521,68.209,0,0,0,0,0.0697916666666667,1065.56099963188,1165.753,5.523,7,17,746.66,7
"204",6,2014-04-28,34,7,-0.2,0.6,0.17,5206.53400063515,0,0,49.259,3041.261,949.524,0,0,31.483,23.2,1397.049,0,0,0,0,0.253391053391053,848.606000185013,848.481,6.781,1,17,5491.776,7.3
"205",6,2014-04-29,35,7.3,0.2,0.6,0.199444444444445,5184.44300079346,0,0,72.134,3226.854,1991.263,0,0,0,23.115,1027.173,0,0,0,0,0.0287037037037037,1338.51400017738,2490.737,5.708,2,17,6340.539,6.8
"206",6,2014-04-30,36,6.8,-0.6,0.6,0.111772244130036,6243.82899951935,0,0,93.334,2866.572,1786.38,0,0,43.226,42.517,1423.218,63.787,0,0,0,0.0697012138188609,3345.80900001525,4903.377,5.691,3,18,6319.034,7.8
"207",6,2014-05-01,37,7.8,0.1,1,0.36491452991453,3256.80200004578,2,0,290.615,1019.553,1137.667,0,0,11.035,36.147,483.99,276.651,0,0,0,0.0813492063492062,2393.52699971199,3736.84,5.555,4,18,3255.658,7
"208",6,2014-05-02,38,7,-0.8,0.9,0.20430790960452,4836.51799869537,4,0,915.983,2291.545,317.088,0,0,0,31.246,1025.248,263.373,0,0,7.101,0.0305555555555556,1629.93799972534,1659.659,4.377,5,18,4851.584,6.8
"209",6,2014-05-03,39,6.8,-0.4,0.3,0.175069775658011,703.441999673844,0,0,4.009,376.701,158.222,0,0,0,68.856,90.64,0,0,0,0,0.213020833333333,993.441999912261,1479.912,4.759,6,18,698.428,7.4
"210",6,2014-05-04,40,7.4,-0.3,0.8,0.178352007469655,3789.20299959183,0,0,366.025,1529.338,260.655,0,0,0,119.286,1408.522,4.015,93.997,0,0,0.111111111111111,143.739000082016,143.509,7.099,7,18,3781.838,7.4
"211",6,2014-05-05,41,7.4,-0.4,0.6,0.0911111111111111,4416.27499961853,0,0,24.224,2213.257,669.236,0,0,0,20.181,1482.427,0,0,0,0,0.155523255813953,94.0479998588562,93.882,6.67,1,18,4409.325,6.8
"212",6,2014-05-06,42,6.8,0,0.6,0.139649859943978,5954.98199915886,1,0,168.663,2912.112,872.86,0,0,108.783,0,2238.682,40.743,0,0,0,0.0535714285714286,900.348000288009,906.127,6.692,2,18,6341.843,6.8
"213",6,2014-05-07,43,6.8,-0.2,0.4,0.139274977895667,8339.02400112152,2,3,1371.316,3562.654,1640.557,0,0,0,582.497,1356.772,0,0,0,8.026,0.025,2173.77599978447,3564.704,5.89,3,19,8521.822,NA
"214",8,2014-03-14,1,7.4,-0.2,1.2,0.129532124963159,3098.64000082016,0,10,588.709,263.401,0,0,0,0,34.208,714.42,1277.345,180.247,20.109,0,0.00806742943775244,261.630000114441,261.533,8.385,5,11,3078.439,6.4
"215",8,2014-03-15,2,6.4,-0.6,0.6,0.14835055861425,949.105999946595,0,2,51.416,296.208,77.59,0,0,17.086,62.704,442.426,0,0,0,0,0.000193236714975845,278.566999912262,278.353,6.875,6,11,947.43,7
"216",8,2014-03-16,3,7,-1.2,1.2,0.0508407317729352,2380.05399990082,0,0,82.143,1753.462,0,0,0,0,45.006,449.578,0,0,11.119,0,0.0283296948905868,251.900000333786,251.502,7.639,7,11,2341.308,5.8
"217",8,2014-03-17,4,5.8,-0.1,0.3,0.0610113351439373,1268.26400017738,0,0,53.55,5763.016,0,0,0,0,58.308,553.333,0,0,0,0,0.0378973204568627,0,38.149,8.84,1,11,6428.207,6.3
"218",8,2014-03-18,5,6.3,0.3,0.7,0.0455861788511006,1285.65099954605,0,0,5.92,704.977,142.79,0,0,0,39.056,391.249,0,0,0,0,0,150.424999952316,6433.722,7,2,11,1283.992,6.7
"219",8,2014-03-19,6,6.7,-0.2,1,0.100827461153581,1135.40699934959,1,0,44.098,518.356,26.471,0,0,0,56.276,480.386,0,0,8.043,0,0,32.5190000534057,32.188,8,3,12,1133.63,6.4
"220",8,2014-03-20,7,6.4,-0.2,0.8,0.0898159820592054,985.27299952507,0,1,4862.881,227.016,0,0,0,0,37.051,621.61,0,0,0,0,0,692.052999734878,692.183,7,4,12,5748.558,6.6
"221",8,2014-03-21,8,6.6,-0.4,0.6,0.0143076837834443,2683.52399969101,0,4,215.864,2409.832,0,0,0,0,39.147,991.534,0,0,48.316,0,0.0037037037037037,171.361999988556,171.191,6,5,12,3704.693,6.4
"222",8,2014-03-22,9,6.4,-0.4,0.8,0.0355703271237592,609.253000020981,0,0,0,4183.134,0,0,0,0,36.14,361.453,89.938,0,16.075,0,0,114.315999984741,114.179,7,6,12,4686.74,7.2
"223",8,2014-03-23,10,7.2,-0.2,0.8,0.0412445534877768,1152.40500020981,2,0,83.107,310.532,0,0,0,0,322.857,1419.633,213.642,0,82.451,0,0,317.464000225067,314.887,6,7,12,2432.222,6.8
"224",8,2014-03-24,11,6.8,-0.8,1,0.0740926604202586,1248.68099975586,0,0,2.035,114.891,0,0,0,0,43.976,1086.908,0,0,6.029,0,0.0437519452225334,221.955000162124,4109.838,5,1,12,1253.839,7.4
"225",8,2014-03-25,12,7.4,-0.4,1.2,0.0270362589480236,542.49799990654,0,0,5.494,49.97,89.12,0,0,0,43.875,353.84,0,0,0,0,0,659.410000085831,658.041,7,2,12,542.299,6.8
"226",8,2014-03-26,13,6.8,-0.2,0.9,0.137235469448584,1753.46000099182,0,4,330.846,830.031,112.399,0,0,161.499,45.978,413.674,0,0,11.029,0,0,183.785000085831,1578.648,6,3,13,1905.456,6.6
"227",8,2014-03-27,14,6.6,0,0.6,0.109657244380565,980.019999980927,0,6,104.84,806.568,0,0,0,0,49.971,2028.461,0,0,0,0,0,64.9909999370575,64.98,7,4,13,2989.84,6.4
"228",8,2014-03-28,15,6.4,-0.2,0.6,0.0264956192737818,1817.11900043488,1,12,774.677,899.459,0,0,0,0,52.028,706.401,0,167.534,0,0,0.0492685963274198,1562.99800014496,1759.587,5,5,13,2600.099,7.5
"229",8,2014-03-29,16,7.5,-0.4,1.1,0.0399105930038992,1111.12200069427,0,0,11.091,536.168,64.889,0,0,0,40.071,422.01,0,0,0,0,0,59.8029999732971,59.797,7,6,13,1074.229,6.6
"230",8,2014-03-30,17,6.6,0.1,0.7,0.12028551989635,692.781998872757,0,0,9.926,207.445,0,0,0,0,33.273,441.056,0,0,0,0,0,80.7070000171661,80.319,7,7,13,691.7,7.5
"231",8,2014-03-31,18,7.5,-0.3,1.2,0.126295442908346,1582.58399963379,0,0,0,1230.323,20.184,0,0,0,43.612,379.598,0,0,14.035,0,0,87.1110000610352,86.778,8,1,13,1687.752,7.4
"232",8,2014-04-01,19,7.4,-1,1,0.0956092436974789,1608.96600008011,0,0,26.198,979.977,32.121,0,0,0,47.543,899.848,0,0,3.005,0,0,87.9570000171661,87.926,7,2,13,1988.692,6.8
"233",8,2014-04-02,20,6.8,-0.6,0.8,0.00995913309098196,630.088000774383,0,0,33.864,1762.109,19.154,0,0,0,44.704,196.131,0,0,20.146,0,0,465.453000545502,792.319,7.674,3,14,2076.108,7
"234",8,2014-04-03,21,7,0.4,1.2,0.126028617019675,2695.64599895477,0,0,30.415,1811.529,0,0,0,0,88.091,706.977,0,0,50.577,0,0,66.7219998836517,66.818,8,4,14,2687.589,7.2
"235",8,2014-04-04,22,7.2,0.4,1.2,0.0497983561396378,1019.19400072098,2,0,168.297,857.425,0,0,0,0,22.313,1415.385,0,0,9.065,0,0,201.766999959946,690.165,7,5,14,2472.485,7.4
"236",8,2014-04-05,23,7.4,0.2,1.2,0.149458218549128,873.987000226975,0,0,3.075,478.595,0,0,0,0,34.852,357.154,0,0,0,0,0,246.4359998703,246.402,6,6,14,873.676,7.4
"237",8,2014-04-06,24,7.4,0,1.2,0.0116483764620873,1128.30700039864,0,0,9.164,331.962,11.032,0,0,0,26.354,433.016,0,0,11.055,0,0.0933406795224977,861.487999916076,860.956,5,7,14,822.583,7
"238",8,2014-04-07,25,7,0,1,0.163957014072241,2265.90599918365,1,6,339.208,695.586,72.106,0,0,0,62.445,1085.642,0,7.028,0,0,0,107.756999969482,107.843,8,1,14,2262.015,6.7
"239",8,2014-04-08,26,6.7,-0.4,0.6,0.0930372675647507,2436.48400092125,0,0,61.047,1572.274,93.167,0,0,0,49.581,964.877,0,0,31.197,0,0,2236.20699906349,2236.199,7,2,14,2772.143,6.2
"240",8,2014-04-09,27,6.2,0.6,0.3,0.068370523415978,1878.20400047302,0,0,52.524,1446.344,0,0,0,0,3556.35,1906.161,0,0,6.016,0,0,128.090000152588,128.029,7,3,15,6967.395,7.6
"241",8,2014-04-10,28,7.6,1.2,1.4,0.254112261710695,4049.22799992561,0,0,81.941,2985.572,230.726,0,0,0,77.524,763.853,0,0,39.554,0,0,466.049999952317,465.809,8,4,15,4179.17,7.6
"242",8,2014-04-11,29,7.6,0.6,1,0.0835023857074204,992.283000469208,0,0,24.803,411.473,20.102,0,0,0,31.847,501.104,0,0,0,0,0.15534521116561,702.58999991417,701.859,4,5,15,989.329,7.1
"243",8,2014-04-12,30,7.1,0.2,0.9,0.0400439026482066,634.586000442505,0,0,0,1847.142,0,0,0,0,41.533,519.463,0,0,0,0,0.0305205415499534,258.198000192642,257.717,5,6,15,2408.138,7.7
"244",8,2014-04-13,31,7.7,-0.2,1.2,0.00772335326659052,2060.15800023079,0,0,8.147,658.403,221.563,0,0,0,111.384,2863.276,0,0,5.043,0,0,72.8589997291565,72.779,7,7,15,3867.816,6.7
"245",8,2014-04-14,32,6.7,0,0.6,0.103844938489362,3069.84900069237,0,0,66.018,1722.414,81.273,0,0,45.241,54.84,1065.957,0,0,31.393,0,0,18.8020000457763,18.995,8,1,15,3067.136,6.4
"246",8,2014-04-15,33,6.4,-0.8,0.6,0.0545454545454545,3086.96599936486,0,0,253.771,2059.015,36.189,0,0,0,42.058,638.023,0,0,0,0,0,356.227000236512,355.23,7,2,15,3029.056,7
"247",8,2014-04-16,34,7,-0.3,1,0.109755770263017,1165.9439997673,0,0,112.728,356.609,22.458,0,0,48.299,38.303,561.312,0,0,23.34,0,0,62.5119998455048,154.316,7,3,16,1163.049,6.3
"248",8,2014-04-17,35,6.3,-0.9,1,0.15549050788139,3108.31599926948,0,0,111.431,1008.676,137.629,0,0,0,176.77,552.694,1114.867,0,3.038,0,0,558.318999767303,557.668,8,4,16,3105.105,6.3
"249",8,2014-04-18,36,6.3,-0.5,0.9,0.0784671778315846,754.447999954223,0,0,5.897,118.23,0,0,0,0,35.281,592.541,0,0,0,0,0,211.013000011444,210.758,7,5,16,751.949,7.8
"250",8,2014-04-19,37,7.8,1.4,1.2,0.0624046310178244,1009.07999920845,0,0,143.124,303.952,88.565,0,0,0,38.794,472.58,0,22.302,7.023,0,0,122.237999677658,121.925,8,6,16,1076.34,6.6
"251",8,2014-04-20,38,6.6,-0.8,0.9,0.00726423902894492,1156.30299949646,0,0,2291.839,85.042,173.542,0,0,0,28.248,5735.013,0,17.156,15.074,0,0,1406.31899976731,1405.129,7,7,16,8345.914,6.6
"252",8,2014-04-21,39,6.6,-0.8,0.7,0.0463163799112475,1760.54899954796,0,0,90.122,553.9,437.264,0,0,5.032,24.268,643.481,0,0,6.026,0,0.000957854406130268,101.213999986649,97.985,7,1,16,1760.093,5.6
"253",8,2014-04-22,40,5.6,-0.6,0.2,0.123284353306512,876.080999612808,0,0,100.85,360.533,21.094,0,0,0,38.931,352.016,0,0,0,0,0.00185185185185185,667.865999937057,667.775,3,2,16,873.424,5.7
"254",8,2014-04-23,41,5.7,0.2,0.4,0.184961643598461,1174.8290002346,0,0,149.32,812.274,0,0,0,0,31.316,313.077,0,0,0,0,0,590.823000192642,590.463,7,3,17,1305.987,7
"255",8,2014-04-24,42,7,0.4,1.2,0.116518078495766,1899.13699960709,0,0,17.42,1209.679,82.896,0,0,0,547.374,554.572,0,0,0,0,0.0829710144927537,445.786999940872,449.883,4,4,17,2411.941,6
"256",8,2014-04-25,43,6,-0.2,0.6,0.0403136200716845,1061.34600067139,0,0,14.901,10048.449,0,0,0,0,32.341,432.764,0,0,0,0,0.0910331384015595,417.178999900818,417.078,4,5,17,10528.455,6.6
"257",8,2014-04-26,44,6.6,-0.6,0.6,0.0754861111111112,582.623000383377,0,0,216.672,96.664,0,0,0,0,29.159,237.624,0,0,0,0,0.00648148148148148,586.34400010109,585.891,6,6,17,580.119,6.4
"258",8,2014-04-27,45,6.4,-0.6,0.8,0.00868773946360154,1297.14199995995,0,3,100.223,697.654,0,0,0,0,24.136,622.411,0,0,0,0,0,60.0090000629425,59.908,7,7,17,1444.424,6.1
"259",8,2014-04-28,46,6.1,-0.6,0.6,0.0356038647342995,679.634000062943,0,0,64.587,120.524,0,0,0,0,35.36,461.776,0,0,0,0,0,931.246000051498,931.131,8,1,17,682.247,6
"260",8,2014-04-29,47,6,-0.2,0.1,0.049593837535014,1589.04700016975,0,0,3.016,952.936,61.435,0,0,0,39.375,531.839,0,0,0,0,0,185.124000310897,184.82,7,2,17,1588.601,6.7
"261",8,2014-04-30,48,6.7,-0.3,1,0.0270686033033903,863.259999036788,0,0,9.65,327.041,104.254,0,0,0,32.162,386.923,0,0,0,0,0,436.390999794006,435.062,7,3,18,860.03,7
"262",8,2014-05-01,49,7,0.4,0.8,0.0597025576847431,5125.92700052261,0,0,36.788,9748.306,3751.748,0,0,0,45.354,367.272,0,0,202.552,0,0.0477524343070562,3195.82199954986,3195.045,5,4,18,14152.02,7.2
"263",8,2014-05-02,50,7.2,-0.4,1,0.264114145658263,597.342000246048,0,0,26.807,131.376,29.418,0,0,0,37.67,368.427,0,0,3.172,0,0,272.788000106811,272.234,7,5,18,596.87,7.4
"264",8,2014-05-03,51,7.4,0.2,1,0.277124190005837,786.879999637604,0,0,83.948,1254.695,0,0,0,0,27.571,420.997,0,6.071,44.214,0,0.0444444444444444,165.898000240326,165.595,6,6,18,1837.496,6.6
"265",8,2014-05-04,52,6.6,-0.2,1,0.0325583566760037,957.285000085831,1,0,38.239,587.017,0,0,0,0,26.278,303.729,0,0,0,0,0.190772669220945,658.763000249862,657.762,3,7,18,955.263,NA
"266",12,2014-03-28,1,6.8,0.2,0.8,0.11227969348659,6987.80399990082,2,0,4076.584,2182.517,3596.92,0,0,0,77.908,1153.074,0,0,0,0,0.0510893246187364,4116.98300004005,4383.688,2,5,13,11087.003,6.8
"267",12,2014-03-29,2,6.8,1,0.8,0.125328926511683,3023.59600043297,5,0,6231.835,1315.018,964.768,0,0,0,42.68,724.387,5.051,12.11,8.12,0,0.18750382614019,2343.9679992199,2584.828,3,6,13,9303.969,6.1
"268",12,2014-03-30,3,6.1,-0.4,0.5,0.0675700749959397,2717.18500065803,1,0,593.592,774.524,436.563,0,0,0,53.669,811.948,0,0,15.117,0,0.0490463134406304,6475.14299988746,593.311,2,7,13,2685.413,6.1
"269",12,2014-03-31,4,6.1,0,0.1,0.108134820203614,2161.34200024605,1,0,368.496,312.421,307.26,0,0,0,32.463,442.668,721.235,0,0,0,0.0171563684961785,803.976000070573,803.581,3,1,13,2184.543,6.8
"270",12,2014-04-01,5,6.8,0.5,0.9,0.174453191010042,6757.03400039673,2,0,898.924,2760.752,466.67,0,0,0,35.524,2169.991,68.079,0,0,0,0.00851577724407511,1031.41199946404,960.98,4,2,13,6399.94,6.2
"271",12,2014-04-02,6,6.2,-0.2,0.4,0.207885471954097,12183.9230010509,3,0,683.422,2229.118,759.095,0,0,277.006,39.342,1990.865,25.71,0,0,0,0.139324618736383,2177.16299891472,2081.595,4,3,14,6004.558,5.4
"272",12,2014-04-03,7,5.4,0.4,0,0.240634920634921,7605.99800205231,3,0,1877.623,2313.997,852.012,0,0,848.027,31.325,3197.216,373.786,0,0,0,0.0204174513496547,3036.40899920463,3138.65,4,4,14,9493.986,6.7
"273",12,2014-04-04,8,6.7,0.4,0.4,0.17084255170995,4952.01799917221,8,3,875.631,906.555,285.091,0,0,525.137,38.456,640.645,1679.078,0,0,0,0.00925925925925927,778.273999929428,778.152,5,5,14,4950.593,6.2
"274",12,2014-04-05,9,6.2,0,0.4,0.198684188763009,3842.65300035477,3,0,773.37,168.153,1291.941,0,4.009,0,59.643,1564.589,214.084,0,0,0,0.141924754836021,2645.87399983406,3265.513,1,6,14,4075.789,6.7
"275",12,2014-04-06,10,6.7,0.3,0.7,0.122999682801148,1748.00299978256,0,0,422.093,48.217,539.415,0,0,0,39.345,692.659,6.017,0,0,0,0.00844292519267595,394.770000457763,394.492,5,7,14,1747.746,6.6
"276",12,2014-04-07,11,6.6,0,1,0.198265744658822,5268.9270002842,0,0,817.745,645.412,777.991,16.266,108.338,5.036,39.597,2450.985,248.585,0,38.685,0,0.031267217630854,1359.97900056839,1749.643,5,1,14,5148.64,6.3
"277",12,2014-04-08,12,6.3,0.2,0.5,0.164872604408995,5326.89600110054,1,0,2121.291,1145.956,1180.435,196.121,0,98.882,37.278,1780.391,117.344,0,0,0,0.0138966697790228,961.20399928093,961.026,5,2,14,6677.698,5.6
"278",12,2014-04-09,13,5.6,0,-0.2,0.160724202367904,7485.69099831581,0,0,2521.559,1653.468,1995.664,38.118,179.813,142.749,31.675,1764.294,65.869,0,9.358,0,0.171366324307501,2617.57499980927,30168.207,3,3,15,8402.567,6.4
"279",12,2014-04-10,14,6.4,0.2,0.6,0.202197327699911,6406.92699956894,0,0,1798.94,392.065,249.304,0,5.149,0,47.098,4367.825,0,0,0,0,0.0402643108525461,3415.12999987602,3521.496,4,4,15,6860.381,6.5
"280",12,2014-04-11,15,6.5,-0.3,1,0.104398419410624,2835.15299892426,1,0,4208.082,169.195,229.981,0,0,0,37.361,1228.634,232.482,0,0,0,0.0114642958632728,1272.24300026894,1049.025,3,5,15,6105.735,6.7
"281",12,2014-04-12,16,6.7,0.2,0.7,0.0971264490718384,4609.35300016403,0,0,1533.412,1589.012,189.349,0,0,11.059,72.906,987.642,565.138,0,3.014,0,0.025254461483275,2871.45799875259,7839.515,3,6,15,4951.532,5.8
"282",12,2014-04-13,17,5.8,0.1,0.2,0.0926087853655153,5358.25000190735,1,0,719.504,1435.157,431.201,0,0,45.218,70.062,2353.935,0,0,0,0,0.117618942904984,2628.3210003376,3392.729,4,7,15,5055.077,6.6
"283",12,2014-04-14,18,6.6,-0.4,0.8,0.129818006298565,6947.35199928284,1,0,1495.487,1034.434,1671.033,22.081,0,0,74.521,2587.874,0,0,10.109,0,0.0444432611437345,2504.80400085449,2437.464,4,1,15,6895.539,6.8
"284",12,2014-04-15,19,6.8,-0.2,0.8,0.14828769196762,3708.26799964905,0,0,860.876,970.601,67.422,28.287,0,173.566,53.344,2016.55,0,0,5.128,0,0.012037037037037,1025.19499993324,916.758,5,2,15,4175.774,7
"285",12,2014-04-16,20,7,-0.2,1,0.19036077210871,5188.95000171661,0,0,2290.112,2157.352,161.074,0,0,0,51.939,1503.31,44.001,0,0,0,0.268980424171747,3627.91200017929,4329.797,1,3,16,6207.788,6.9
"286",12,2014-04-17,21,6.9,-0.7,0.9,0.136569049906429,3729.65699958801,2,0,600.343,1256.123,248.315,0,0,121.077,38.661,1159.139,72.544,0,0,0,0.015045005987035,1948.19300031662,1964.301,3,4,16,3496.202,6.6
"287",12,2014-04-18,22,6.6,-0.5,0.7,0.0668461488587713,3658.64299941063,0,0,517.195,91.522,146.779,9.264,0,0,54.298,2299.884,160.136,0,4.026,0,0.12093199103003,3383.70700025558,3583.112,4,5,16,3283.104,6
"288",12,2014-04-19,23,6,0.5,0.5,0.226344537815126,4549.34100055695,1,0,2059.928,910.485,629.476,0,0,0,59.983,1880.811,93.026,0,0,0,0.101970161283887,3486.61999964714,31693.602,3,6,16,5633.709,6.4
"289",12,2014-04-20,24,6.4,0.4,1,0.283681853274815,13676.9849996567,0,0,3563.473,624.201,1319.215,0,550.414,82.47,37.273,3843.725,257.04,0,7.142,0,0.0977147921315419,2293.82200074196,3613.222,3,7,16,10284.953,6.4
"290",12,2014-04-21,25,6.4,-0.5,0.8,0.100736464808791,2440.58799982071,1,0,793.47,471.872,0,0,61.195,0,37.491,1080.367,0,0,3.038,0,0.106481481481481,656.620000362396,656.17,6,1,16,2447.433,6.2
"291",12,2014-04-22,26,6.2,0,0.6,0.245518523793698,15119.2300009728,1,0,1967.847,3111.481,4728.094,35.153,0,0,36.016,4326.534,859.602,0,4.156,0,0.0131193720426023,1973.38699936867,2207.373,1,2,16,15068.883,6.1
"292",12,2014-04-23,27,6.1,-0.2,0.9,0.178694184033167,4823.53999900818,2,0,912.729,524.758,440.223,0,0,44.187,31.887,2945.768,215.56,0,0,0,0.0241582491582491,3410.44599986076,3254.899,5,3,17,5115.112,6.9
"293",12,2014-04-24,28,6.9,-0.5,0.8,0.117869085262423,4362.71299910545,1,0,2604.792,136.72,621.25,109.329,0,164.138,30.298,2645.975,77.995,0,0,0,0.0102945132855402,405.602999687194,404.988,4,4,17,6390.497,6.1
"294",12,2014-04-25,29,6.1,0.3,0.7,0.144911693490956,2668.69700026512,3,1,816.31,180.921,0,78.27,0,0,38.223,708.514,780.167,0,0,0,0.0734126984126984,2956.36799955368,3544.392,4,5,17,2602.405,7
"295",12,2014-04-26,30,7,0,1,0.425153247819919,2434.39499974251,3,0,379.081,148.794,244.842,0,0,0,34.125,859.637,761.637,0,0,22.066,0.250505757858699,2587.60199975967,2753.634,3,6,17,2450.182,6.2
"296",12,2014-04-27,31,6.2,0,0.8,0.291917253936197,3170.60800004005,1,0,528.07,208.323,624.505,0,0,0,41.514,994.584,1366.399,0,0,86.672,0.0037037037037037,96.308000087738,96.256,6,7,17,3850.067,6.7
"297",12,2014-04-28,32,6.7,-0.6,0.9,0.123530886786121,3153.26999974251,2,8,1569.667,674.614,149.493,0,0,0,44.439,1455.587,128.399,0,0,0,0.025712849242261,1873.45399951935,1014.9,5,1,17,4022.199,6.4
"298",12,2014-04-29,33,6.4,-0.3,1,0.0977049457356811,5226.66499972343,2,0,1703.226,730.293,359.939,0,0,171.43,39.359,3159.844,0,0,0,0,0.0227760619917482,861.890000581742,1098.905,4,2,17,6164.091,6
"299",12,2014-04-30,34,6,-0.4,0.4,0.165195607723025,5455.07700014114,2,0,1491.057,1475.713,978.006,0,0,36.22,28.521,1722.319,476.321,0,4.11,0,0.0944993956867428,1253.41199970245,1432.623,4,3,18,6212.267,6.5
"300",12,2014-05-01,35,6.5,-0.1,0.6,0.130163541775445,4428.30299973488,0,2,766.259,1689.251,401.402,183.125,0,0,40.29,1240.564,100.83,0,5.048,0,0.011343470869024,785.095000505447,784.304,3,4,18,4426.769,6.6
"301",12,2014-05-02,36,6.6,0.6,0.6,0.183733425788722,10271.4759993553,1,0,1014.785,1285.713,643.189,170.816,0,37.362,31.824,2381.625,245.935,0,4.063,0,0.0761967002778277,11482.4839997291,10973.112,1,5,18,5815.312,6
"302",12,2014-05-03,37,6,-0.2,0.3,0.119422022715403,4959.27400159836,1,1,2215.558,900.878,474.135,52.151,0,70.349,36.664,1965.481,1.026,0,22.674,0,0.024253166426646,1287.85100030899,1287.453,2,6,18,5738.916,5.1
"303",12,2014-05-04,38,5.1,-0.4,-0.1,0.0907617684187974,6070.25000071525,0,0,2423.299,299.556,1252.722,0,0,0,37.16,2841.922,0,0,0,0,0.180462989793619,1724.8730006218,2151.474,2,7,18,6854.659,NA
"304",13,2014-03-15,1,7,0.2,0.4,0.275779492482216,3535.20099854469,0,2,2027.868,2865.572,642.059,0,0,0,602.678,484.492,0,0,0,0,0.158469724047811,1906.73400020599,3451.18,4.682,6,11,6622.669,6.4
"305",13,2014-03-16,2,6.4,-1,0.2,0.125086854687834,1412.05700016022,0,0,18.591,193.028,0,0,0,0,835.178,135.518,0,0,0,0,0.0439591426329868,2017.21200013161,1534.191,6.132,7,11,1182.315,6.6
"306",13,2014-03-17,3,6.6,0,0.8,0.0981207222302019,2854.15699911118,0,0,1027.13,985.049,0,0,0,0,679.707,185.736,236.148,0,12.518,0,0.00377280463012628,2144.51199889183,1831.089,6.148,1,11,3126.288,7
"307",13,2014-03-18,4,7,-0.2,0.8,0.246367521367521,2372.78199911118,0,0,532.01,5833.216,2464.328,0,0,0,756.563,264.273,0,0,0,0,0.0247619047619048,569.412999629974,568.628,8.06,2,11,9850.39,7.8
"308",13,2014-03-19,5,7.8,-0.2,1.2,0.361289870250918,12724.3839993477,0,0,751.005,9541.289,0,0,0,0,2910.307,200.009,0,0,0,0,0.0483624564887778,1008.52699947357,365.076,7.83,3,12,13402.61,6.4
"309",13,2014-03-20,6,6.4,0.8,0.2,0.361323426029308,8337.6499991417,0,0,462.368,7152.575,628.877,0,0,0,612.305,360.323,0,0,0,0,0,1631.76399970055,2836.173,5.945,4,12,9216.448,6.4
"310",13,2014-03-21,7,6.4,0.6,0.6,0.054190138786582,9673.13999867439,0,2,109.056,12702.06,93.255,0,0,0,90.495,79.051,0,0,0,0,0.0384615384615385,1359.76299977303,1287.417,4.341,5,12,13073.917,8.4
"311",13,2014-03-22,8,8.4,1.4,1.6,0.104994879672299,9877.48799967766,0,0,843.48,6761.057,1446.284,0,0,0,234.339,547.618,0,0,0,0,0.133380387728214,3860.6829996109,3866.877,3.178,6,12,9832.778,7.4
"312",13,2014-03-23,9,7.4,1.6,1,0.12992277992278,4789.18599963188,0,0,293.696,3866.724,212.426,0,0,0,307.78,89.155,0,19.359,0,0,0.0192307692307692,1778.89800071716,1775.892,4.803,7,12,4789.14,8.8
"313",13,2014-03-24,10,8.8,1,1.8,0.248210586798822,3929.6910007,2,0,341.122,3064.201,373.218,0,0,0,79.218,93.939,0,0,0,0,0,651.271000146866,1572.468,6.008,1,12,3951.698,7.6
"314",13,2014-03-25,11,7.6,1.2,1.8,0.152678317703893,3889.56599926949,0,0,5.85,4162.907,174.864,0,0,0,143.278,72.133,92.912,0,0,0,0.037037037037037,1341.1819999218,1340.025,6.564,2,12,4651.944,8.5
"315",13,2014-03-26,12,8.5,-0.7,1.1,0.320094181284999,6503.51799988746,1,1,390.529,5964.497,244.551,0,0,0,254.374,111.54,0,0,0,0,0.1125,1423.99300026894,2381.377,4.173,3,13,6965.491,7.4
"316",13,2014-03-27,13,7.4,-1.2,1,0.0911737902576256,8333.45899915695,0,1,17.725,7018.476,710.874,0,0,0,501.061,309.526,289.617,0,0,0,0,1836.96199941635,1481.749,5.489,4,13,8847.279,7.6
"317",13,2014-03-28,14,7.6,-1,1.2,0.330879555013681,9075.73199915886,0,0,808.424,4324.669,1646.024,0,0,33.368,154.572,1528.496,224.126,0,0,0,0,769.044999837875,768.112,4.909,5,13,8719.679,7.4
"318",13,2014-03-29,15,7.4,-1.7,1,0.318185823754789,4323.47500109673,0,0,200.035,4523.777,390.737,0,0,0,96.242,284.181,0,0,43.997,0,0.326923076923077,3369.70400118828,3664.13,4.581,6,13,5538.969,6.2
"319",13,2014-03-30,16,6.2,-0.3,0.6,0.102080039525692,8564.32099890709,0,0,27.302,6837.992,156.442,0,0,0,1487.162,14.794,0,0,0,0,0.357142857142857,985.809000015259,867.36,3.757,7,13,8523.692,7
"320",13,2014-03-31,17,7,-0.8,0.7,0.397844024662206,3616.67799758911,1,0,382.712,2341.493,367.492,0,0,0,62.182,482.538,0,0,0,0,0.116666666666667,1156.074000597,1154.949,6.786,1,13,3636.417,7.4
"321",13,2014-04-01,18,7.4,-1.4,1,0.481646825396825,6256.70600056648,3,3,3135.961,3972.581,0,0,0,0,134.137,4124.664,0,13.519,0,0,0.411764705882353,1007.9990003109,756.012,5.869,2,13,11380.862,7.4
"322",13,2014-04-02,19,7.4,-1.2,1,0.413127415368795,8487.83599686623,0,0,378.351,10492.62,439.223,0,0,0,57.786,714.737,0,0,0,0,0.1,1215.84299993515,10843.238,6.353,3,14,12082.717,7.6
"323",13,2014-04-03,20,7.6,-0.8,1.4,0.361466145202819,10844.9839997292,3,7,1538.996,9979.54,368.455,0,0,0,87.579,35.561,0,0,0,0,0.0416666666666667,993.328999519348,3096.301,3.067,4,14,12010.131,7.8
"324",13,2014-04-04,21,7.8,-0.6,1,0.242379917973723,6391.00200295448,0,2,868.985,6436.725,81.213,0,0,0,184.578,299.519,0,0,0,0,0,997.349000453948,994.685,4.252,5,14,7871.02,6.8
"325",13,2014-04-05,22,6.8,0.2,0.8,0.19236987244434,11015.2299993038,0,0,91.818,10817.212,171.84,0,0,0,215.972,59.595,0,0,0,0,0.111111111111111,887.658000230789,684.522,6.119,6,14,11356.437,6
"326",13,2014-04-06,23,6,0.3,0.6,0.338424266881894,7679.02199864387,0,0,1410.01,4871.595,346.799,0,0,0,87.81,264.904,283.402,211.247,0,0,0.0833333333333335,1655.87100028992,1654.399,7.003,7,14,7475.767,7.3
"327",13,2014-04-07,24,7.3,-0.5,1,0.361489505250567,9604.8269994259,1,1,220.823,11687.608,206.152,0,0,0,1423.6,691.587,0,0,0,0,0.0885135135135135,1018.91399979591,1948.199,4.866,1,14,14229.77,7.8
"328",13,2014-04-08,25,7.8,0.9,1.1,0.141728513088333,7828.99500226974,2,0,343.318,7018.595,477.921,0,0,0,117.385,51.801,0,0,24.576,0,0,749.135000228882,747.308,6.521,2,14,8033.596,7.8
"329",13,2014-04-09,26,7.8,-0.2,1.2,0.124081573360646,13580.4079968929,4,0,1102.034,10991.649,233.452,0,0,0,853.714,177.232,0,0,316.434,0,0.0170454545454546,2725.29999947548,2483.804,3.54,3,15,13674.515,7.6
"330",13,2014-04-10,27,7.6,0.6,1,0.383723129904012,7862.66199874878,1,0,243.738,7482.559,0,0,0,15.069,190.914,96.578,0,0,0,0,0.333333333333333,482.565999984741,481.353,3.926,4,15,8028.858,6.8
"331",13,2014-04-11,28,6.8,0.6,1.2,0.422191248294189,3399.07099962235,1,0,831.28,2146.671,0,0,0,0,205.778,291.193,0,0,0,0,0.136363636363636,646.983000278473,646.458,6.182,5,15,3474.922,6.8
"332",13,2014-04-12,29,6.8,0.6,1,0.068661982140243,6146.45100045204,3,4,348.289,4847.73,124.435,0,0,5.032,79.291,276.824,0,0,0,0,0.0533333333333333,774.307999610901,777.291,5.119,6,15,5681.601,6.6
"333",13,2014-04-13,30,6.6,0.2,0.8,0.166689319855277,4924.19599962235,0,2,123.951,4566.137,0,0,0,0,106.716,131.629,0,0,0,0,0.0833333333333333,879.0609998703,515.915,5.942,7,15,4928.433,6.8
"334",13,2014-04-14,31,6.8,-0.6,1,0.272474204409688,4463.80299925804,0,0,347.744,3722.473,0,0,0,0,189.145,184.123,0,56.776,0,0,0.0909624413145539,3249.32300043106,3246.03,6.676,1,15,4500.261,6
"335",13,2014-04-15,32,6,-0.8,0.2,0.409617094752637,5831.6520011425,0,1,2240.401,4418.043,0,0,0,0,76.023,178.809,0,0,0,0,0,500.546999692917,1058.985,6.394,2,15,6913.276,6.4
"336",13,2014-04-16,33,6.4,-0.2,0.8,0.349393939393939,5403.718998909,2,0,511.025,4528.15,0,0,0,0,262.741,237.293,0,0,0,0,0.0654761904761905,3154.79000043869,3244.067,4.966,3,16,5539.209,6.4
"337",13,2014-04-17,34,6.4,-1.2,1,0.0351320031657231,9301.83000063896,0,0,35.473,7824.334,0,0,0,0,1270.711,124.374,0,0,0,0,0,323.511999845505,323.077,6.271,4,16,9254.892,5.8
"338",13,2014-04-18,35,5.8,-0.2,0.1,0.121515151515152,957.990000486374,0,0,50.071,657.225,0,0,0,0,41.769,42.66,0,0,0,0,0.068181818181818,2362.14100027084,2359.13,6.176,5,16,791.725,6.5
"339",13,2014-04-19,36,6.5,-0.4,0.3,0.245568049836343,6595.31400060654,1,0,415.84,5662.404,0,0,0,0,497.618,127.479,15.463,0,0,0,0.25,152.006000041961,151.626,5.387,6,16,6718.804,6.6
"340",13,2014-04-20,37,6.6,-1.6,0.6,0.245126050420168,2891.08300065994,0,0,17.699,5235.658,0,0,0,15.035,70.727,175.827,0,0,0,0,0.0896551724137931,2267.50200009346,2350.974,5.579,7,16,5514.946,7.4
"341",13,2014-04-21,38,7.4,-1.4,1,0.137269366872874,10127.637999773,0,0,173.168,8701.657,0,0,0,0,2357.96,139.592,43.746,0,0,0,0,23.0910003185273,176.319,8.387,1,16,11416.123,6
"342",13,2014-04-22,39,6,-0.6,0.8,0.296681153121831,4780.11400127411,0,0,316.728,4245.406,0,0,0,0,245.615,298.679,0,0,0,0,0.161290322580645,984.332000017166,982.618,6.465,2,16,5106.428,7.4
"343",13,2014-04-23,40,7.4,-0.8,1,0.403162286057023,2980.78000092506,3,2,369.086,2054.103,0,0,0,0,88.322,552.191,0,0,0,0,0.227272727272727,1742.18899965286,1740.074,6.11,3,17,3063.702,7.6
"344",13,2014-04-24,41,7.6,0.4,1,0.297904612967904,13571.6850013733,2,0,502.353,2684.448,0,0,0,0,303.988,493.54,0,0,0,0,0.296296296296297,1102.98099970818,1100.181,5.03,4,17,3984.329,7.2
"345",13,2014-04-25,42,7.2,-0.7,0.9,0.394982604914112,4382.31099939346,0,0,390.95,2025.529,0,0,0,0,199.372,1487.332,0,298.577,0,0,0.648261278195489,1268.32999992371,1321.116,0,5,17,4401.76,8.1
"346",13,2014-04-26,43,8.1,-0.9,1.3,0.305982142857143,4051.6829996109,0,0,39.222,2906.938,0,0,0,0,232.591,209.42,52.508,0,0,0,0.131400966183575,3252.1899998188,3185.736,2.017,6,17,3440.679,8.2
"347",13,2014-04-27,44,8.2,-0.8,1.4,0.342635782249789,12020.487998724,0,0,771.598,8712.717,0,0,0,16.433,1298.648,820.334,176.024,0,69.928,0,0.14520202020202,1755.41100049019,1752.689,5.563,7,17,11865.682,7.8
"348",13,2014-04-28,45,7.8,-1.5,0.8,0.22442972335198,6120.45199990272,0,0,433.725,4924.86,0,0,0,16.323,379.119,268.259,91.498,0,0,0,0.472402597402598,1430.27799987793,1379.749,2.569,1,17,6113.784,8
"349",13,2014-04-29,46,8,-1.1,1.1,0.478331120780073,5452.55100035667,0,0,220.734,4614.112,0,0,0,15.158,197.333,185.668,209.128,0,0,0,0.111904761904762,2837.44700026512,2874.665,1.691,2,17,5442.133,8
"350",13,2014-04-30,47,8,-1.1,1,0.234919346526489,5230.00800061226,0,0,65.178,4467.813,0,0,0,0,136.6,604.68,203.305,0,0,0,0.271985815602837,2127.86600017548,2253.381,4.136,3,18,5477.576,7.5
"351",13,2014-05-01,48,7.5,-0.6,1.2,0.108618639978703,5383.08899974823,0,0,120.271,4450.497,0,0,0,98.043,550.983,231.644,164.302,52.282,0,0,0.37962962962963,1115.98799967766,1112.527,2.704,4,18,5668.022,7.6
"352",13,2014-05-02,49,7.6,-1.2,0.8,0.180459770114943,5813.91700005532,0,0,980.864,4559.736,0,0,0,22.947,72.219,176.933,168.509,0,0,0,0.225187969924812,2308.95099949837,2306.089,0,5,18,5981.208,NA
"353",14,2014-03-22,1,5.8,-0.6,0,0.143045191191614,9341.21099972725,0,0,3979.966,3490.666,355.439,281.008,0,0,1086.224,1432.131,0,0,0,0,0.0222222222222222,5756.74100017548,5238.932,2,6,12,10625.434,6
"354",14,2014-03-23,2,6,-0.6,0.2,0.105743088488226,8068.17000174522,0,0,4668.771,3038.207,315.577,159.624,0,0,275.56,1230.621,0,0,0,0,0.0101851851851852,2618.34800028801,3571.34,5,7,12,9688.36,6.4
"355",14,2014-03-24,3,6.4,-0.8,0.2,0.123157869579474,8853.92900061607,0,0,2323.639,4230.941,465.086,868.449,0,0,374.569,677.382,210.029,0,0,0,0.00277777777777778,773.631000041962,773.656,3,1,12,9150.095,6.2
"356",14,2014-03-25,4,6.2,-0.4,0,0.130061866879047,8676.5490000248,0,0,2133.054,4129.762,0,258.053,0,0,86.26,896.894,1231.873,0,0,0,0.012962962962963,3702.45799994469,4128.828,4,2,12,8735.896,7
"357",14,2014-03-26,5,7,-0.2,1,0.207531059995691,8941.67799973488,1,1,2571.894,3240.423,517.605,6.048,0,0,1892.11,948.172,104.189,0,0,0,0.00940545808966862,4478.77999901772,6365.148,4,3,13,9280.441,6.6
"358",14,2014-03-27,6,6.6,-1,0.8,0.10664656458846,9146.53999996185,1,0,1523.995,5932.327,245.311,155.584,0,0,43.339,1324.016,1.008,0,0,0,0.0181964573268921,1842.67700052261,2054.604,4,4,13,9225.58,6.2
"359",14,2014-03-28,7,6.2,-0.4,0.6,0.105383286865437,9173.36099934578,1,0,5736.791,3900.854,161.928,223.365,0,0,300.101,1102.641,0,13.838,0,0,0.0334695899913291,3405.62700200081,4333.344,5,5,13,11439.518,7.8
"360",14,2014-03-29,8,7.8,-0.6,1.2,0.26502859350317,3897.43499827385,1,0,2693.125,1546.861,11.45,142.499,0,0,33.428,821.441,0,0,0,0,0.0101851851851852,2557.36599946022,4133.795,6,6,13,5248.804,6.6
"361",14,2014-03-30,9,6.6,-0.5,1,0.0135350164319435,2502.94100046158,1,0,1991.525,494.978,0,0,0,0,12.179,0,0,0,0,0,0.00104166666666667,837.19000005722,19726.367,2,7,13,2498.682,6.6
"362",14,2014-03-31,10,6.6,-0.4,0.8,0.108347180680182,2629.21599960327,4,2,3021.679,983.581,0,0,0,0,32.296,0,0,0,0,0,0.000925925925925926,103.31200003624,5410.075,6,1,13,4037.556,6.2
"363",14,2014-04-01,11,6.2,0,0.4,0.060986684528884,287.917999982834,0,0,129.664,95.12,0,0,0,0,30.123,32.446,0,0,0,0,0.00648148148148148,494.233000040055,493.927,4,2,13,287.353,6.6
"364",14,2014-04-02,12,6.6,-1,0.6,0.100389528809235,702.384999513626,0,0,1472.622,160.763,0,0,0,0,14.067,71.732,0,0,0,0,0.039021164021164,175.384999752045,174.86,4,3,14,1719.184,7.1
"365",14,2014-04-03,13,7.1,-0.7,1,0.106019350268843,1532.29499983788,0,0,1215.912,15.283,0,0,0,0,39.695,0,0,0,0,0,0.00462962962962963,122.699999809265,122.599,3,4,14,1270.89,7.3
"366",14,2014-04-04,14,7.3,-1,0.9,0.00611111111111111,151.237999677658,0,0,120.426,7.065,0,0,0,0,23.406,0,0,0,0,0,0.0037037037037037,793.893999576569,792.602,5,5,14,150.897,7.4
"367",14,2014-04-05,15,7.4,-1.6,0.6,0.0250188323917137,1383.22300004959,0,0,629.245,743.405,0,0,0,3.011,43.576,79.28,0,0,0,0,0,94.7060000896453,94.603,7,6,14,1498.517,7.2
"368",14,2014-04-06,16,7.2,-1,1,0.0442021554384465,1046.65800046921,1,0,1506.49,4201.67,0,0,0,0,31.625,109.675,0,0,0,0,0.00277777777777778,102.676000356674,990.141,6,7,14,5849.46,6.8
"369",14,2014-04-07,17,6.8,-0.2,0.9,0.013544061302682,323.181000471115,0,1,198.387,27.223,0,0,0,0,78.58,18.333,0,0,0,0,0.0037037037037037,236.826999902725,2714.274,5,1,14,322.523,6.9
"370",14,2014-04-08,18,6.9,0.2,0.8,0.0627917833800187,382.949999570847,1,0,6308.166,67.482,0,0,0,0,33.238,0,0,0,0,0,0.00189210950080515,213.472999572754,213.356,5,2,14,6408.886,7.8
"371",14,2014-04-09,19,7.8,0.2,1,0.18733893557423,1083.16100049019,0,0,879.335,151.413,0,0,0,0,30.412,13.054,0,0,0,0,0,63.5189998149872,34023.497,6,3,15,1074.214,6.9
"372",14,2014-04-10,20,6.9,-0.2,0.6,0.0518767507002801,324.357999563217,0,0,398.041,18.882,0,0,0,0,14.118,0,0,0,0,0,0,15.180999994278,15.163,7,4,15,431.041,7.8
"373",14,2014-04-11,21,7.8,0.6,1,0.036265172735761,435.730000257492,2,0,5776.429,19.197,0,0,0,0,54.565,62.396,0,0,0,0,0.00462962962962963,522.12299990654,521.848,6,5,15,5912.587,7.3
"374",14,2014-04-12,22,7.3,-0.6,0.9,0.0811626232413869,115.987000226975,0,0,93.682,0,0,0,0,0,22.239,0,0,0,0,0,0.00925925925925926,117.211999893188,111.757,6,6,15,115.921,6.7
"375",14,2014-04-13,23,6.7,-0.2,0.9,0.122802346472715,0,0,0,0,0,0,0,0,0,0,0,0,0,0,0,0.0621848739495798,29.7229998111725,29.695,5,7,15,0,7.9
"376",14,2014-04-14,24,7.9,0.2,1.2,0.00611111111111111,262.146000146866,0,0,103.147,40.208,0,0,0,0,2939.115,0,0,0,0,0,0.0255598900115295,0,0,0,1,15,3082.47,6.5
"377",14,2014-04-15,25,6.5,-0.3,0.5,0.00289279348102877,291.145999908447,0,0,3087.715,52.448,0,0,0,0,19.29,7.222,0,0,0,0,0.000925925925925926,65.6319999694825,65.443,6,2,15,3166.675,6
"378",14,2014-04-16,26,6,0.2,0.2,0.0914052287581699,617.383000135422,0,0,5236.534,0,0,0,0,0,45.224,0,0,0,0,0,0,30.6559998989106,30.497,7,3,16,5281.758,6.3
"379",14,2014-04-17,27,6.3,0,0.5,0.0850560224089636,659.065999507905,0,1,2765.802,10.052,0,0,0,77.543,75.587,18.177,0,0,0,0,0.00371148459383753,195.036000013351,6903.126,3,4,16,2947.161,6.4
"380",14,2014-04-18,28,6.4,-0.6,0.4,0.0759722222222222,86.4460000991821,0,0,47.011,28.139,0,0,0,0,11.151,0,0,0,0,0,0,93.1690001487732,3483.164,5,5,16,86.301,6.9
"381",14,2014-04-19,29,6.9,-0.4,0.8,0.00222222222222222,166.299000263214,0,1,55.314,70.044,0,0,0,0,40.333,0,0,0,0,0,0,20.1760001182556,84.277,5,6,16,165.691,7.1
"382",14,2014-04-20,30,7.1,0,0.6,0.0116853408029879,572.931000471114,0,0,333.609,36.19,0,0,169.699,0,33.245,0,0,0,0,0,0.00185963274198568,92.9110000133513,92.904,4,7,16,572.743,6.5
"383",14,2014-04-21,31,6.5,-0.1,0.6,0.0506209150326797,472.294999599457,0,0,1775.513,296.293,0,0,0,0,25.141,18.149,0,0,0,0,0.000925925925925926,289.858999967575,289.764,5,1,16,2115.096,7
"384",14,2014-04-22,32,7,-0.4,0.6,0.0116565176795356,661.118000030517,1,1,1718.26,114.83,0,0,0,0,31.256,192.844,0,0,0,0,0.027972709551657,104.618999958038,104.66,6,2,16,2057.19,6.6
"385",14,2014-04-23,33,6.6,-0.6,0.7,0.0714660806851476,547.583000183105,0,0,452.854,27.674,0,0,0,0,24.134,14.192,47.435,0,0,0,0.000925925925925926,66.8029999732971,66.592,6,3,17,566.289,7.2
"386",14,2014-04-24,34,7.2,-0.3,0.9,0.125555555555556,478.944000005722,0,0,294.694,40.396,0,0,0,32.423,16.146,0,94.266,0,0,0,0,140.324000120163,140.128,5.899,4,17,477.925,7.7
"387",14,2014-04-25,35,7.7,0.7,1,0.00889355742296918,427.677999734879,0,0,1907.414,243.079,0,0,0,0,42.302,0,0,0,0,0,0.00277777777777778,407.462000131607,407.102,1,5,17,2192.795,7.3
"388",14,2014-04-26,36,7.3,-0.6,1.2,0.211929392446634,132.137000083923,0,1,9338.594,29.208,0,0,0,0,15.087,0,0,0,0,0,0.00277777777777778,133.74799990654,145.229,3,6,17,9382.889,7.4
"389",14,2014-04-27,37,7.4,-0.3,1,0.005,439.141000032426,0,0,233.617,162.703,0,0,0,0,42.509,0,0,0,0,0,0,0,0,8,7,17,438.829,7.6
"390",14,2014-04-28,38,7.6,-0.1,1.1,0,56.5980002880097,1,0,56.046,0,0,0,0,0,0,0,0,0,0,0,0,0,0,8,1,17,56.046,6.4
"391",14,2014-04-29,39,6.4,-0.8,0.2,0.0327777777777778,48.2969999313354,0,0,79.923,27.243,0,0,0,0,7.128,0,0,0,0,0,0.137288631696466,0,0,0,2,17,114.294,6.6
"392",14,2014-04-30,40,6.6,0.5,0.8,0.0794444444444444,154.000000238419,0,0,135.547,0,0,0,0,0,18.492,0,0,0,0,0,0,140.251999855041,140.236,7,3,18,154.039,7.2
"393",14,2014-05-01,41,7.2,0.2,1,0.156830067498064,267.588000059128,0,0,65.296,0,0,0,0,0,22.49,179.511,0,0,0,0,0.00132275132275132,35.220999956131,76.388,5,4,18,267.297,6.4
"394",14,2014-05-02,42,6.4,0.6,0.8,0.0341666666666667,252.552000284195,0,0,231.44,7.036,0,0,0,0,25.194,0,0,0,0,0,0.195711987446358,0,0,0,5,18,263.67,6.8
"395",14,2014-05-03,43,6.8,0.4,1,0.00611111111111111,630.143000364304,0,0,436.064,117.48,0,0,0,0,55.234,21.135,0,0,0,0,0.00555555555555556,35.7159998416901,35.633,7,6,18,629.913,6.8
"396",14,2014-05-04,44,6.8,0.1,0.8,0.00111111111111111,330.139000415802,0,0,200.99,50.903,0,0,0,0,47.238,31.135,0,0,0,0,0,64.050999879837,64.031,7,7,18,330.266,NA
"397",15,2014-03-15,1,7,0.8,0.8,0.285190238430183,165.017000198364,8,0,40.433,124.345,0,0,0,0,0,0,0,0,0,0,0.242114000138388,0,0,0,6,11,164.778,5.8
"398",15,2014-03-16,2,5.8,-0.8,0.2,0.128806957161721,0,1,0,0,0,0,0,0,0,0,0,0,0,0,0,0.0698947790351299,0,0,5,7,11,0,6.4
"399",15,2014-03-17,3,6.4,0,0,0.189973689401439,0.694999933242798,8,0,6.644,0,0,0,0,0,0,0,0,0,0,0,0.125749894555012,0,0,0,1,11,6.644,6.8
"400",15,2014-03-18,4,6.8,0.5,1,0.0829367924165953,2238.78800010681,5,0,1242.53,846.993,5.019,0,0,45.186,54.256,0,31.162,0,17.082,0,0,0,0,5,2,11,2242.228,7.4
"401",15,2014-03-19,5,7.4,0.2,1.2,0.269069140572159,0,5,0,0,0,0,0,0,0,0,0,0,0,0,0,0.218325791855204,975.84099984169,1103.669,6.447,3,12,0,7
"402",15,2014-03-20,6,7,0.6,1,0.16659467461484,0,0,7,0,0,0,0,0,0,0,0,0,0,0,0,0,0,0,1,4,12,0,7
"403",15,2014-03-21,7,7,0.2,0.8,0.0729960317460317,581.08999991417,1,0,764.383,162.057,0,0,0,0,7.064,0,0,0,0,0,0.0297619047619047,1306.61699962616,1306.541,6.413,5,12,933.504,7.2
"404",15,2014-03-22,8,7.2,-0.5,1,0.146110125666525,280.336000442505,0,0,244.948,13.12,0,0,0,0,22.17,0,0,0,0,0,0.121031746031746,317.286999940872,317.201,5.41,6,12,280.238,7
"405",15,2014-03-23,9,7,0.2,1,0.203202341137124,552.71499991417,0,0,19.876,522.718,0,0,0,0,10.102,0,0,0,0,0,0.232879439401179,9.72700023651123,9.715,5.239,7,12,552.696,7
"406",15,2014-03-24,10,7,1,0.8,0.0322222222222222,326.594999790191,0,0,258.777,38.207,0,0,0,21.464,8.046,0,0,0,0,0,0.0874208984662726,0,0,0,1,12,326.494,7
"407",15,2014-03-25,11,7,0.8,1,0.0654380862789894,1444.80100035667,1,0,554.523,890.138,0,0,0,0,0,0,0,0,0,0,0,0,0,1,2,12,1444.661,6.6
"408",15,2014-03-26,12,6.6,1.1,0.5,0.192547387074051,3024.20599937439,6,3,557.558,2571.788,0,0,0,0,32.144,0,62.299,0,0,0,0.201314807682759,0,0,0,3,13,3223.789,7
"409",15,2014-03-27,13,7,1,1,0.0928057889822596,0.462000131607056,12,0,49.808,0,0,0,0,0,0,0,0,0,0,0,0.0648148148148149,1924.46700000763,1924.25,6.733,4,13,49.808,7.2
"410",15,2014-03-28,14,7.2,1.2,1,0.206528879290281,1583.14499998093,6,0,596.674,1039.388,0,0,0,0,7.021,0,0,0,48.229,0,0,0,0,4,5,13,1691.312,7
"411",15,2014-03-29,15,7,-1.2,0.8,0.304874496994138,120.767999649048,7,0,101.653,0,0,0,0,9.039,10.032,0,0,0,0,0,0.116005291005291,73.9340000152588,73.651,6.758,6,13,120.724,6.9
"412",15,2014-03-30,16,6.9,-1,0.8,0.273042223168397,317.469000339509,4,0,179.73,137.679,0,0,0,0,0,0,0,0,0,0,0.157275132275132,753.116000175476,753.837,5.647,7,13,317.409,7.2
"413",15,2014-03-31,17,7.2,0.2,1,0.143856049422758,0,12,6,0,0,0,0,0,0,0,0,0,0,0,0,0,0,0,4,1,13,0,7.2
"414",15,2014-04-01,18,7.2,0.6,1,0.170418357330583,769.855000019074,1,4,288.358,734.821,0,0,0,0,0,0,0,0,0,0,0.0266506190085771,0,0,7.228,2,13,1023.179,7.3
"415",15,2014-04-02,19,7.3,0.7,1,0.100266343825666,1661.3069999218,7,1,312.297,1317.541,0,0,0,9.064,8.031,14.121,0,0,0,0,0.148625754391859,0,0,0,3,14,1661.054,7.2
"416",15,2014-04-03,20,7.2,0.6,1,0.218991402369069,0,2,0,0,0,0,0,0,0,0,0,0,0,0,0,0,0,0,0,4,14,0,7.2
"417",15,2014-04-04,21,7.2,0.2,1,0.199476923740511,361.174000024796,2,0,260.94,260.274,0,0,0,0,0,189.013,0,0,0,0,0,9.98599982261658,9.976,5,5,14,710.227,7.8
"418",15,2014-04-05,22,7.8,1,1,0.278463896090543,0,4,0,0,0,0,0,0,0,0,0,0,0,0,0,0.0362407862407862,368.97300028801,368.886,6.59,6,14,0,6.2
"419",15,2014-04-06,23,6.2,-0.2,0,0.0974362335251627,423.746000051497,5,1,225.358,198.23,0,0,0,0,0,0,0,0,0,0,0.0526315789473684,25.4140002727509,25.402,7.957,7,14,423.588,6.9
"420",15,2014-04-07,24,6.9,0.6,0.4,0.15024050402567,397.74799990654,4,1,27.449,362.105,0,0,0,0,8.119,0,0,0,0,0,0.271348352201627,0,0,0,1,14,397.673,6.8
"421",15,2014-04-08,25,6.8,0.2,0.6,0.196828874211145,0,1,3,0,0,0,0,0,0,0,0,0,0,0,0,0.0328947368421052,119.762000083923,119.709,6.445,2,14,0,7
"422",15,2014-04-09,26,7,0,1,0.293418892554962,0,4,0,0,0,0,0,0,0,0,0,0,0,0,0,0.0131578947368421,0,0,2,3,15,0,7.2
"423",15,2014-04-10,27,7.2,0.4,0.8,0.102154776244829,648.267000198364,1,0,222.572,486.128,0,0,0,0,0,0,0,0,0,0,0,0,0,7,4,15,708.7,7
"424",15,2014-04-11,28,7,0.4,0.8,0.0935589781202037,164.624999761581,0,0,126.202,38.411,0,0,0,0,0,0,0,0,0,0,0.0260434660970435,0,0,7,5,15,164.613,7.4
"425",15,2014-04-12,29,7.4,1,1,0.150326981917737,2164.69299960136,5,1,582.455,1167.57,414.577,0,0,0,0,0,0,0,0,0,0,630.354000091553,630.151,8.567,6,15,2164.602,7
"426",15,2014-04-13,30,7,1.6,1,0.176037951866716,0,17,1,0,0,0,0,0,0,0,0,0,0,0,0,0,0,0,3,7,15,0,7
"427",15,2014-04-14,31,7,1,1,0.133888888888889,1405.27199959755,1,0,383.983,983.62,0,0,0,158.011,0,0,0,0,0,0,0,0,0,7.03,1,15,1525.614,7
"428",15,2014-04-15,32,7,-0.2,1,0.0824151507172239,0,1,0,0,0,0,0,0,0,0,0,0,0,0,0,0.0238095238095239,1490.93000054359,1490.763,9,2,15,0,7.3
"429",15,2014-04-16,33,7.3,0.2,1,0.111480683269476,2808.35399961472,0,0,1385.623,1761.246,0,0,0,0,37.276,0,0,23.129,0,0,0.10947832872851,0,0,0,3,16,3207.274,6.4
"430",15,2014-04-17,34,6.4,0,0,0.141394724556489,2339.65399980545,1,0,1147.198,1445.728,0,0,0,10.038,113.65,63.36,0,0,0,0,0,3.0479998588562,3.032,8.332,4,16,2779.974,6
"431",15,2014-04-18,35,6,-0.4,0,0.115493057438029,1424.84899950027,0,0,256.5,363.985,364.104,0,0,326.21,10.049,0,103.633,0,0,0,0.0170701553984912,0,0,7.756,5,16,1424.481,7
"432",15,2014-04-19,36,7,-0.2,0.8,0.277683950734426,0,0,0,0,0,0,0,0,0,0,0,0,0,0,0,0.168962475565573,0,0,0,6,16,0,7
"433",15,2014-04-20,37,7,0,1,0.108233015145089,0,0,0,0,0,0,0,0,0,0,0,0,0,0,0,0,452.47200012207,1108.052,7.311,7,16,0,7.2
"434",15,2014-04-21,38,7.2,-0.2,1,0.0439174533491321,266.161000013351,0,0,112.636,57.346,0,0,0,162.382,0,0,0,0,0,0,0.242351713833299,0,0,0,1,16,332.364,7
"435",15,2014-04-22,39,7,0,1,0.130494782854112,0,2,0,0,0,0,0,0,0,0,0,0,0,0,0,0.0625,2311.9929997921,3628.517,6.731,2,16,0,7.4
"436",15,2014-04-23,40,7.4,0.6,1,0.0991676731078904,468.83899974823,2,0,167.341,231.991,0,0,0,28.243,41.228,0,0,0,0,0,0.0126068376068376,0,0,8.133,3,17,468.803,7
"437",15,2014-04-24,41,7,1.6,1,0.248294717326555,1259.31800031662,0,12,465.399,486.578,39.181,0,0,0,255.91,12.082,0,0,0,0,0.0296296296296296,0,0,8,4,17,1259.15,6.8
"438",15,2014-04-25,42,6.8,0.2,0.6,0.202710412193171,72.0190000534058,7,4,115.093,17.099,0,0,0,0,0,0,0,0,0,0,0.283885296549262,0,0,0,5,17,132.192,6.2
"439",15,2014-04-26,43,6.2,-0.2,0,0.151402367718287,338.807000398635,3,0,206.097,236.738,0,0,0,0,84.554,0,0,0,0,0,0.111666345917629,0,0,0,6,17,527.389,7
"440",15,2014-04-27,44,7,0.4,0.6,0.161254893598997,2502.14400029182,3,0,308.495,3035.294,0,0,0,0,9.069,0,0,0,0,0,0.292006495799654,0,0,0,7,17,3352.858,7
"441",15,2014-04-28,45,7,1,0.4,0.188438906166097,434.543999910355,0,0,178.903,1321.262,0,96.649,0,0,7.024,0,0,0,0,0,0.0370133577651439,0,0,7,1,17,1603.838,6.8
"442",15,2014-04-29,46,6.8,0.8,0.6,0.160636941292153,55.154000043869,1,0,14.92,543.619,0,0,0,0,0,0,0,0,0,0,0.00461258453728333,1496.36400008201,2195.045,8.323,2,17,558.539,6
"443",15,2014-04-30,47,6,1.4,-0.4,0.270039373827822,0,0,0,0,0,0,0,0,0,0,0,0,0,0,0,0.167583299731721,0,0,0,3,18,0,6.6
"444",15,2014-05-01,48,6.6,-0.2,0.2,0.138330533411171,0,0,0,0,0,0,0,0,0,0,0,0,0,0,0,0.068181818181818,253.268000125885,386.981,6.886,4,18,0,7
"445",15,2014-05-02,49,7,0.2,0.6,0.0948554510623476,0,3,0,0,0,0,0,0,0,0,0,0,0,0,0,0,0,0,7,5,18,0,7.2
"446",15,2014-05-03,50,7.2,0.4,0.6,0.383062558356676,585.027000188828,3,1,243.495,312.229,0,0,0,0,15.069,14.115,0,0,0,0,0.19259459063102,0,0,0,6,18,584.908,7
"447",15,2014-05-04,51,7,-0.2,0.6,0.150203859321506,0,1,0,0,0,0,0,0,0,0,0,0,0,0,0,0.0838519296716523,0,0,7,7,18,0,7
"448",15,2014-05-05,52,7,0.8,0.8,0.203759605620986,172.111999750137,12,0,174.084,0,0,0,0,0,0,0,0,0,0,0,0,0,0,1,1,18,174.084,NA
"449",16,2014-03-15,1,6.4,0.4,0.8,0.182381694518732,485.971000194549,0,2,132.114,133.3,65.813,40.192,0,0,10.025,103.398,0,0,0,0,0.249380975150494,0,0,0,6,11,484.842,7
"450",16,2014-03-16,2,7,0.2,0.8,0.0969809232685024,276.975999832153,0,3,151.33,104.47,0,0,0,0,20.084,0,0,0,0,0,0.0196238720348387,0,0,8,7,11,275.884,7.2
"451",16,2014-03-17,3,7.2,-0.6,0.6,0.0514104511861242,672.95699930191,0,0,43.267,397.368,0,0,0,0,15.073,216.303,0,0,0,0,0.0181040937103734,87.7160000801087,87.353,8.702,1,11,672.011,6.6
"452",16,2014-03-18,4,6.6,0.2,0.4,0.147227314654675,388.143000841141,4,1,144.941,136.269,72.098,22.1,0,0,11.054,0,0,0,0,0,0.00396825396825397,427.631000280381,427.459,5.25,2,11,386.462,6.4
"453",16,2014-03-19,5,6.4,0,0.6,0.0869230769230769,26.3570001125336,0,0,32.349,0,0,0,0,0,16.112,0,0,0,0,0,0.0064935064935065,11.8829998970032,35.204,7,3,12,48.461,6.2
"454",16,2014-03-20,6,6.2,0.8,0.6,0.0799135641508523,401.815999746323,2,4,323.717,86.749,15.348,0,0,0,10.029,69.902,0,0,0,0,0,0,0,9,4,12,505.745,6.8
"455",16,2014-03-21,7,6.8,1,1,0.0721697852845394,251.96799993515,0,0,90.035,91.266,5.041,0,0,0,0,125.2,0,0,0,0,0,11.0069999694824,10.978,8.958,5,12,311.542,7
"456",16,2014-03-22,8,7,0.6,1,0.0184873949579832,0,3,2,0,0,0,0,0,0,0,0,0,0,0,0,0.0255281914216622,944.506999969482,156.803,4,6,12,0,7
"457",16,2014-03-23,9,7,0,1,0.165086476796255,726.354000329971,5,3,173.546,204.495,181.257,13.047,0,0,23.124,191.314,0,0,0,0,0.149122807017544,244.346999883652,285.771,7,7,12,786.783,6.3
"458",16,2014-03-24,10,6.3,0.1,0.7,0.108074977261786,459.019000291825,0,0,147.85,222.792,0,6.032,0,0,10.417,81.677,0,0,0,0,0.00760833442651624,0,0,6.714,1,12,468.768,6
"459",16,2014-03-25,11,6,0.6,0.6,0.178437383872166,789.133000135421,0,1,148.171,340.155,50.631,0,0,0,8.023,161.01,0,0,0,0,0,0,0,2,2,12,707.99,6.2
"460",16,2014-03-26,12,6.2,0.5,0.6,0.272956309257629,48.4879999160767,0,1,42.649,5.074,0,0,0,0,0,0,0,0,0,0,0.0187793427230047,224.30599975586,150.961,7.835,3,13,47.723,6.2
"461",16,2014-03-27,13,6.2,0,0.4,0.528599665419338,0,1,15,0,0,0,0,0,0,0,0,0,0,0,0,0.0190476190476191,4071.4350001812,4070.741,4,4,13,0,6.9
"462",16,2014-03-28,14,6.9,-1,0.8,0.0156568164829402,290.561999559402,0,0,78.137,211.548,0,0,0,0,0,0,0,0,0,0,0,0,0,7,5,13,289.685,6.4
"463",16,2014-03-29,15,6.4,-0.8,0.8,0.286172112214614,410.119999885559,2,0,133.275,155.086,0,19.119,0,0,8.057,93.962,0,0,0,0,0.225795332257197,228.572000265122,228.007,6,6,13,409.499,6.2
"464",16,2014-03-30,16,6.2,0.4,1,0.0753822709857193,23.5,2,0,5.917,4.02,6.484,0,0,0,7.018,0,0,0,0,0,0,603.048000335693,1514.713,4.332,7,13,23.439,6.2
"465",16,2014-03-31,17,6.2,0,0.4,0.234188003277583,73.7969999313355,3,6,12.349,53.071,0,0,0,0,8.153,0,0,0,0,0,0.0137051543781354,236.028000354767,235.635,8.272,1,13,73.573,5.8
"466",16,2014-04-01,18,5.8,-0.4,0.6,0.332572709012871,1454.02199983597,0,1,78.711,194.89,0,0,0,0,0,48.338,40.949,0,0,0,0,19.5320000648499,19.487,5.752,2,13,362.888,6.4
"467",16,2014-04-02,19,6.4,-0.2,1,0.0469498673369641,41.6670002937317,4,0,26.746,29.469,0,0,0,0,0,0,0,0,0,0,0.00246913580246914,0,0,4,3,14,56.215,6.7
"468",16,2014-04-03,20,6.7,-0.3,0.4,0.235653764580934,138.819000005722,0,0,37.761,289.19,0,0,0,0,17.155,41.357,0,0,0,0,0.0078125,8602.86099982262,84.328,7,4,14,385.463,6.1
"469",16,2014-04-04,21,6.1,-0.2,0.7,0.230383965939098,2159.72499990463,4,2,439.364,1319.146,80.481,20.066,0,0,19.059,270.785,9.888,0,0,0,0,0,0,7,5,14,2158.789,6.8
"470",16,2014-04-05,22,6.8,0.3,1,0.244140681495422,92.2530000209808,1,0,24.153,41.763,0,0,0,0,6.034,20.102,0,0,0,0,0.01,2800.47400045395,2799.294,4.727,6,14,92.052,7.2
"471",16,2014-04-06,23,7.2,0,1,0.19578834279159,1517.14799976349,0,0,373.792,410.756,144.716,0,0,0,8.062,123.868,0,0,19.138,5.22,0.136904761904762,89.3529999256133,399.389,6,7,14,1085.552,7.2
"472",16,2014-04-07,24,7.2,-0.2,1,0.127065024668517,1979.95599985122,0,1,132.189,249.75,51.298,26.12,0,0,0,92.755,0,0,0,0,0.03743961352657,322.747000217438,438.429,5.685,1,14,552.112,6.6
"473",16,2014-04-08,25,6.6,0.4,0.9,0.124918300653595,7.27500009536743,8,1,9.241,0,0,0,0,0,0,0,0,0,0,0,0.00219298245614035,0,0,6,2,14,9.241,7.2
"474",16,2014-04-09,26,7.2,-0.4,1.2,0.37555997923645,3191.62199997902,1,0,67.282,9.097,0,11.053,0,0,0,0,0,0,0,0,0,0,0,9,3,15,87.432,6.6
"475",16,2014-04-10,27,6.6,0.2,1,0.224041313867605,1089.71600031853,3,1,156.923,331.167,113.052,87.698,162.983,0,15.132,222.355,0,0,0,0,0,0,0,5,4,15,1089.31,7.2
"476",16,2014-04-11,28,7.2,1.1,1,0.113649906684524,358.882999658584,0,0,99.94,421.328,0,0,0,0,5.014,109.692,0,0,0,0,0.0229987905096169,0,0,7,5,15,635.974,7.6
"477",16,2014-04-12,29,7.6,0.8,1,0.151813950681815,0,1,0,0,0,0,0,0,0,0,0,0,0,0,0,0,19.430999994278,19.42,4.626,6,15,0,6.2
"478",16,2014-04-13,30,6.2,-0.2,0.6,0.0783450266208888,112.321000099182,0,2,56.887,3.01,0,0,0,0,6.052,46.323,0,0,0,0,0,0,0,7.826,7,15,112.272,7
"479",16,2014-04-14,31,7,0.8,1,0.0249634747061218,202.437000274658,4,0,171.961,81.969,0,0,0,0,0,5.708,0,0,0,0,0,0,0,6.452,1,15,259.638,6.6
"480",16,2014-04-15,32,6.6,0.6,0.4,0.0623789173789174,4.1340000629425,1,2,121.886,53.148,0,0,0,0,0,35.166,0,0,0,0,0,0,0,4,2,15,210.2,7.2
"481",16,2014-04-16,33,7.2,0.6,1,0.145602725088406,498.309000730514,2,4,229.231,261.66,0,0,0,0,7.089,0,0,0,0,0,0,0,0,6,3,16,497.98,7.4
"482",16,2014-04-17,34,7.4,0,0.9,0.130776515151515,239.169999837875,1,0,113.513,17.062,0,102.41,0,0,6.075,0,0,0,0,0,0.397460317460318,207.118000030518,207.037,6.591,4,16,239.06,7
"483",16,2014-04-18,35,7,0.2,1,0.205497748570038,948.810999631883,0,2,126.724,577.248,56.527,0,0,0,0,187.469,0,0,0,0,0.0517241379310345,247.96799993515,247.805,4.124,5,16,947.968,7.1
"484",16,2014-04-19,36,7.1,1.5,1,0.231514945235919,0,0,0,0,0,0,0,0,0,0,0,0,0,0,0,0,1138.96999955177,1138.735,7,6,16,0,7.1
"485",16,2014-04-20,37,7.1,0.8,0.8,0.12410753329358,0,0,0,0,0,0,0,0,0,0,0,0,0,0,0,0,0,0,8.775,7,16,0,6.9
"486",16,2014-04-21,38,6.9,0.6,1,0.0272268525174825,99.3479998111725,0,0,39.309,60.011,0,0,0,0,0,0,0,0,0,0,0,39.1159999370574,39.052,6,1,16,99.32,7
"487",16,2014-04-22,39,7,1,1.1,0.0692087981071031,466.416999340057,0,1,103.425,262.081,0,0,0,0,0,100.71,0,0,0,0,0.0135200746965453,600.792999982834,816.545,8.39,2,16,466.216,7
"488",16,2014-04-23,40,7,0.8,1,0.0597603824138351,1118.99099993706,4,0,235.071,747.051,0,139.93,0,0,9.035,0,0,0,0,4.01,0.0311526479750779,442.373999595642,748.18,7.229,3,17,1135.097,5.4
"489",16,2014-04-24,41,5.4,-0.2,-0.2,0.0517782651209343,24.5610001087189,3,1,21.473,3.016,0,0,0,0,0,0,0,0,0,0,0.072072072072072,179.753999948501,179.631,7,4,17,24.489,6.8
"490",16,2014-04-25,42,6.8,0.6,0.8,0.0970103164331714,333.694999694825,7,10,182.956,19.083,0,0,0,0,0,22.451,0,0,0,0,0.01953125,1165.14899992943,645.885,8,5,17,224.49,6.8
"491",16,2014-04-26,43,6.8,0.4,1,0.320018680156907,55.5429999828339,0,2,0.914,49.566,0,0,0,0,5.046,0,0,0,0,0,0,0,0,7.864,6,17,55.526,7.1
"492",16,2014-04-27,44,7.1,0,1,0.112935711631364,268.669999599457,2,0,80.749,187.691,0,0,0,0,0,0,0,0,0,0,0.033482400135845,0,0,7,7,17,268.44,6.6
"493",16,2014-04-28,45,6.6,0,0.8,0.231608607199424,209.385000228882,7,1,25.145,15.659,0,0,0,0,0,168.114,0,0,0,0,0.157402704146947,0,0,0,1,17,208.918,7
"494",16,2014-04-29,46,7,-0.4,1,0.133153120503829,1285.50900030136,6,4,466.95,644.651,58.488,132.667,0,0,7.022,64.217,0,0,0,0,0,0,0,8.939,2,17,1373.995,7
"495",16,2014-04-30,47,7,0.4,1.2,0.100654644632973,370.489000320435,3,0,10.318,323.35,0,0,0,0,5.023,0,0,0,0,0,0.00979166666666666,0,438.343,4.078,3,18,338.691,7
"496",16,2014-05-01,48,7,-0.2,1,0.104973544973545,125.575000047684,5,2,106.302,19.105,0,0,0,0,0,0,0,0,0,0,0.086206896551724,366.265000104904,169.924,6.236,4,18,125.407,6.9
"497",16,2014-05-02,49,6.9,0.2,1,0.153134215325418,740.347000598908,2,0,140.655,365.509,94.374,0,0,0,0,139.145,0,0,0,0,0,0,0,9.038,5,18,739.683,7.2
"498",16,2014-05-03,50,7.2,0.1,1.2,0.0479665325001716,1664.92399978638,1,0,433.135,629.951,248.375,0,0,0,0,530.554,0,0,0,0,0,1027.52800011635,1027.364,7.829,6,18,1842.015,NA
"499",19,2014-03-22,1,6.6,-1.4,0.4,0.122947931553904,4534.87400102616,6,0,3159.39,1716.635,0,0,0,0,469.937,71.613,0,0,0,0,0.0380018674136321,881.057000160217,880.9,5,6,12,5417.575,6.8
"500",19,2014-03-23,2,6.8,-1.1,0.7,0.0121367019193106,829.083999395371,4,0,471.238,196.446,0,0,0,0,93.989,67.619,0,0,0,0,0.0546296296296297,297.975999116898,297.408,4,7,12,829.292,5.9
"501",19,2014-03-24,3,5.9,-0.2,0.4,0.180592289325423,2054.19300079346,5,0,336.401,3402.869,26.125,0,0,0,44.275,0,0,0,0,0,0.0267921146953405,100.049999713898,99.954,5,1,12,3809.67,5.5
"502",19,2014-03-25,4,5.5,-1.4,0.2,0.180091459646521,4379.33299875259,8,0,895.582,3684.901,0,0,0,0,47.267,0,0,0,0,0,0.00277777777777778,166.628000020981,166.298,3,2,12,4627.75,6
"503",19,2014-03-26,5,6,-0.6,0.4,0.173152610692034,2889.59799933434,6,0,766.424,1943.122,0,0,0,0,38.418,139.746,0,0,0,0,0,359.652000188827,359.692,6,3,13,2887.71,6.8
"504",19,2014-03-27,6,6.8,0.3,0.6,0.183024958109181,2485.05599880219,6,1,599.498,1405.462,242.518,0,0,0,36.399,148.287,0,50.716,0,0,0.00370370370370371,1706.70900011063,1706.188,2,4,13,2482.88,6.2
"505",19,2014-03-28,7,6.2,-1,0.7,0.174145987230474,1548.27399897575,8,0,688.691,777.834,0,0,0,0,54.638,26.28,0,0,0,0,0.0922791580400276,1020.10400009155,1019.02,3,5,13,1547.443,7.5
"506",19,2014-03-29,8,7.5,0.4,1.1,0.197512530332435,1709.30799984932,10,2,602.987,931.427,85.276,0,0,0,88.486,0,0,0,0,0,0.0601224105461393,1043.28099989891,1043.174,6,6,13,1708.176,7
"507",19,2014-03-30,9,7,-0.4,0.8,0.0922696278979154,849.547999382019,3,0,2748.89,653.021,0,0,0,0,42.238,0,0,0,0,0,0.0435267857142857,43.6389999389648,43.607,5,7,13,3444.149,7.2
"508",19,2014-03-31,10,7.2,-0.4,1,0.190415821501014,5746.10299968719,6,1,720.199,4910.01,0,0,0,0,35.59,0,238.217,0,0,0,0.0111111111111111,539.518000364304,538.727,5,1,13,5904.016,6.4
"509",19,2014-04-01,11,6.4,-0.1,0.3,0.191880260203734,2284.52200102806,1,0,371.539,3699.909,0,0,0,0,32.272,0,0,8.822,0,0,0.0314814814814815,335.382999897004,335.279,3,2,13,4112.542,7.5
"510",19,2014-04-02,12,7.5,-0.1,1,0.120683909983941,1404.48700070381,2,0,439.876,917.401,0,0,0,0,32.155,15.774,0,0,0,0,0.0351851851851852,1114.85399985313,1115.371,4,3,14,1405.206,6.8
"511",19,2014-04-03,13,6.8,-0.1,0.8,0.116367880485528,1884.59300065041,2,0,623.35,1227.088,0,0,0,0,33.34,0,0,0,0,0,0.00462962962962963,398.500999689102,398.301,4,4,14,1883.778,7
"512",19,2014-04-04,14,7,-0.2,0.4,0.183475225664004,3678.67200064659,9,0,1428.698,1946.476,0,0,0,0,186.681,167.106,0,0,0,0,0,1229.64999985695,1229.416,7,5,14,3728.961,7.7
"513",19,2014-04-05,15,7.7,-0.2,1.1,0.196900312414395,1813.23800063133,10,0,624.916,901.262,0,0,183.365,0,49.329,53.37,0,0,0,0,0.112931034482759,276.478000164032,276.178,5,6,14,1812.242,7.3
"514",19,2014-04-06,16,7.3,-1.2,0.7,0.105710261115941,1464.92099952698,6,1,425.946,1001.626,0,0,0,0,37.205,0,0,0,0,0,0.0834555960502134,959.796000242233,959.338,1,7,14,1464.777,6.6
"515",19,2014-04-07,17,6.6,-1,0.6,0.292384775498067,3101.58400249481,11,0,1506.19,2276.393,0,0,0,0,49.461,214.58,0,0,0,0,0.0278582930756844,563.641000270844,563.033,4,1,14,4046.624,6.8
"516",19,2014-04-08,18,6.8,-0.5,1,0.140240589564886,2499.96800088882,8,2,966.853,1557.566,0,0,0,0,31.324,0,0,0,53.342,0,0,629.341000080109,629.319,5,2,14,2609.085,7.3
"517",19,2014-04-09,19,7.3,-0.5,0.9,0.186423533964517,1326.95900154114,8,1,518.465,755.295,0,0,0,0,51.568,0,0,0,0,0,0.00376647834274953,471.850999593735,471.21,5,3,15,1325.328,6.9
"518",19,2014-04-10,20,6.9,-0.2,0.8,0.113704159824849,817.064000606537,3,0,3051.981,363.063,0,0,0,0,25.17,67.614,0,0,0,0,0.00372704637410519,1672.50300002098,1672.537,4,4,15,3507.828,6.6
"519",19,2014-04-11,21,6.6,-0.7,1,0.149953304273137,2296.12800145149,6,0,997.941,1201.213,0,0,0,0,33.301,61.462,0,0,0,0,0.0037037037037037,183.454999923706,183.254,6,5,15,2293.917,7.3
"520",19,2014-04-12,22,7.3,0.5,0.9,0.104537163808487,1188.99199962616,6,0,689.056,759.236,0,0,0,0,36.416,2.023,0,0,0,0,0.0472541507024265,490.713999986648,489.282,3,6,15,1486.731,6.9
"521",19,2014-04-13,23,6.9,-0.9,0.8,0.138570012236318,1070.79399871826,5,0,214.952,579.464,0,0,0,0,48.498,226.876,0,0,0,0,0.0519179894179894,706.590999841691,706.059,4,7,15,1069.79,6.8
"522",19,2014-04-14,24,6.8,0.3,0.8,0.22237532278508,4580.22899889946,13,0,2799.378,3530.953,0,0,0,0,58.568,208.525,0,42.282,0,0,0.021256038647343,647.233000278474,646.779,3,1,15,6639.706,6.4
"523",19,2014-04-15,25,6.4,-1,1,0.207558356676004,3942.79400038719,4,0,658.089,3157.088,0,0,0,0,97.245,19.202,0,12.671,0,0,0.0185185185185186,165.852000236511,165.728,6,2,15,3944.295,7.1
"524",19,2014-04-16,26,7.1,-0.5,1,0.110763888888889,1349.73000049591,3,1,189.63,960.67,0,0,0,0,50.273,183.186,0,0,0,0,0.00277777777777778,320.084000110626,319.804,6,3,16,1383.759,6.8
"525",19,2014-04-17,27,6.8,-0.6,1,0.153459383753501,4470.77499842644,1,0,167.766,5114.467,0,0,0,0,35.469,97.947,0,0,0,0,0.0212962962962963,542.09099984169,6411.613,5,4,16,5415.649,6.6
"526",19,2014-04-18,28,6.6,-1.2,1.1,0.103888888888889,2917.26900005341,3,1,145.642,3001.573,0,0,229.132,0,35.268,0,0,0,0,0,0.0148148148148148,281.75200009346,281.684,6,5,16,3411.615,6.8
"527",19,2014-04-19,29,6.8,-0.4,0.8,0.138412536525629,771.183999538422,5,0,120.84,670.019,0,0,0,0,39.421,256.075,0,8.679,0,0,0,384.767999887467,384.787,7,6,16,1095.034,7.5
"528",19,2014-04-20,30,7.5,0.6,1.1,0.117015430453317,1561.75400018692,2,0,865.537,606.028,0,0,0,0,34.617,56.341,0,0,0,0,0.0644257703081232,372.240000009537,371.872,4,7,16,1562.523,6.7
"529",19,2014-04-21,31,6.7,-0.4,1,0.212996192939528,1591.382999897,4,0,430.94,1099.142,0,0,0,0,38.53,17.842,0,0,0,0,0.0768518518518519,196.51899933815,30196.823,4,1,16,1586.454,6.8
"530",19,2014-04-22,32,6.8,0.6,1.2,0.218096895150203,4567.59399962425,6,0,481.665,4112.692,0,0,0,0,50.736,25.469,0,0,0,0,0.00186741363211951,143.3850004673,142.846,5,2,16,4670.562,6
"531",19,2014-04-23,33,6,-0.4,0.6,0.173696921004911,2999.00800013542,4,1,345.005,3710.755,0,0,0,0,56.45,193.167,0,0,0,0,0.00185963274198568,317.725000143051,331.968,4,3,17,4305.377,6.7
"532",19,2014-04-24,34,6.7,-0.2,0.9,0.16444404198461,2429.45100069046,5,0,349.261,1898.132,0,0,0,0,180.079,0,0,0,0,0,0.0037037037037037,66.2399997711182,66.229,6,4,17,2427.472,7.4
"533",19,2014-04-25,35,7.4,-0.4,0.8,0.103395733947857,1728.33499860764,6,0,902.02,2071.483,0,0,0,0,34.14,235.658,0,0,3.653,0,0.00753295668549906,666.692000389099,666.598,4,5,17,3246.954,6.8
"534",19,2014-04-26,36,6.8,0,1.1,0.349119900833897,1179.12899971008,5,0,2637.119,330.861,0,0,0,0,107.936,0,0,0,0,0,0.0398148148148149,958.068999767304,957.1,3,6,17,3075.916,6.8
"535",19,2014-04-27,37,6.8,-1.3,0.8,0.0384532943612227,2314.47200012207,3,0,298.197,2271.78,0,0,0,0,47.727,326.927,199.865,0,0,0,0.114814814814815,508.889000415802,508.678,4,7,17,3144.496,6.4
"536",19,2014-04-28,38,6.4,0,0.6,0.164381317744489,2437.93699836731,2,0,435.322,3284.76,0,0,0,0,36.23,212.69,18.601,0,0,0,0.0157407407407408,280.111999511719,279.307,3,1,17,3987.603,7.1
"537",19,2014-04-29,39,7.1,0.5,0.5,0.039961948481752,2088.94199848175,6,0,1128.624,1586.471,0,0,0,0,34.299,162.123,0,0,0,0,0.00466101694915254,521.03700041771,1325.339,5,2,17,2911.517,7
"538",19,2014-04-30,40,7,0.4,0.8,0.0635104940745711,2535.11099934578,8,0,565.722,1640.362,5.125,0,0,0,43.276,279.598,0,0,0,0,0.000903342366757001,329.732999801636,329.783,4,3,18,2534.083,6.9
"539",19,2014-05-01,41,6.9,-0.1,0.6,0.200357203140909,2589.26899957657,1,0,387.541,1831.299,0,0,0,0,37.332,329.967,0,3.029,0,0,0.012037037037037,442.608000040055,441.991,5,4,18,2589.168,6.6
"540",19,2014-05-02,42,6.6,-0.1,0.6,0.275466174475787,1175.21900057793,9,0,931.515,744.94,0,0,0,0,63.465,0,0,0,0,0,0.0037037037037037,618.302999734879,618.39,2,5,18,1739.92,7.4
"541",19,2014-05-03,43,7.4,0.6,0.8,0.275102718533379,2761.7740008831,13,2,731.653,1978.261,0,0,0,0,51.368,0,0,0,0,0,0.0583333333333333,474.718000173569,474.377,3,6,18,2761.282,NA
"542",20,2014-03-23,1,7.3,0.4,0.8,0.0326936026936027,239.953999996185,0,0,38.343,197.546,0,0,0,0,4.029,0,0,0,0,0,0,5.13700008392334,5.138,8.933,7,12,239.918,7
"543",20,2014-03-24,2,7,0,0.7,0.0336666666666667,191.895999670029,0,1,65.102,112.526,0,0,0,0,14.054,0,0,0,0,0,0.0866666666666667,508.635999917983,953.055,5.214,1,12,191.682,6.2
"544",20,2014-03-25,3,6.2,-0.6,-0.2,0.0830555555555556,1512.36000037193,0,0,718.833,242.466,59.821,0,0,0,91.3,332.115,0,10.034,88.629,0,0,2143.83299994469,2143.75,7.666,2,12,1543.198,7.2
"545",20,2014-03-26,4,7.2,0.6,0.7,0.0758485306884322,217.345999717712,0,0,238.996,48.012,0,0,0,0,0,145.643,0,0,0,0,0.00555555555555556,1572.7570002079,1519.423,8.44,3,13,432.651,6.8
"546",20,2014-03-27,5,6.8,0,0.6,0.099397190293742,1233.35300040245,0,0,198.357,115.054,44.372,0,624.721,0,0,250.676,0,0,0,0,0,103.794999837875,321.945,6,4,13,1233.18,6.2
"547",20,2014-03-28,6,6.2,0,0.2,0.0780835667600374,433.785999536515,0,0,396.725,126.668,0,0,0,0,0,0,0,0,0,0,0.00625,30.3680000305176,30.353,7,5,13,523.393,7.1
"548",20,2014-03-29,7,7.1,1,0.8,0.137461474485515,753.721999883652,4,0,122.243,14.015,0,0,494.903,0,122.482,0,0,0,0,0,0,26.7660002708435,26.73,8,6,13,753.643,7.5
"549",20,2014-03-30,8,7.5,1,1.2,0.222548268175253,834.675000429154,0,0,22.232,444.131,0,0,0,0,0,327.462,0,821.101,0,0,0.0925330027048935,7.12199997901916,7.115,7.288,7,13,1614.926,6.8
"550",20,2014-03-31,9,6.8,0.333333333333333,0.733333333333333,0.0205430793006858,20.71399974823,1,3,0,20.709,0,0,0,0,0,0,0,0,0,0,0.00532059904941262,0,0,6.984,1,13,20.709,6.6
"551",20,2014-04-01,10,6.6,-0.3,0.2,0.0805657995488504,0,0,4,8.699,0,0,0,953.245,0,0,0,0,0,0,0,0,29.6319999694824,29.641,8,2,13,961.944,6.7
"552",20,2014-04-02,11,6.7,0,0.5,0.0761111111111112,1628.31800055504,0,0,329.624,638.26,148.782,0,0,0,18.118,399.504,93.434,0,0,0,0.0104166666666667,648.410000085831,648.32,4,3,14,1627.722,6.9
"553",20,2014-04-03,12,6.9,0.4,0.6,0.0981632382056111,0,1,0,0,0,0,0,0,0,0,0,0,0,0,0,0.00740740740740741,0,0,3,4,14,0,7.4
"554",20,2014-04-04,13,7.4,-0.1,0.8,0.181507619997151,201.320999860764,0,0,97.513,62.285,0,0,0,0,41.504,0,0,0,0,0,0.342105263157895,54.6529998779297,54.645,7.426,5,14,201.302,7.2
"555",20,2014-04-05,14,7.2,0.3,0.9,0.105218644404691,171.137000083923,2,0,9.568,7.447,0,0,0,0,153.896,0,0,0,0,0,0.00972222222222223,1864.52599906921,1864.086,6.468,6,14,170.911,7
"556",20,2014-04-06,15,7,0.6,0.8,0.0493347301367535,1018.51099944115,0,0,162.653,303.246,0,0,418.192,0,0,0,0,0,0,0,0.0272113880724448,923.242000341416,936.462,5.059,7,14,884.091,6.8
"557",20,2014-04-07,16,6.8,0.6,1,0.0572646537824243,290.202000141144,0,1,5.021,285.15,0,0,0,0,0,0,0,0,0,0,0.13882847614905,2618.95599985123,2618.72,5,1,14,290.171,7.1
"558",20,2014-04-08,17,7.1,0.5,0.8,0.0267136886102403,601.964999914169,0,0,66.224,0,0,0,531.717,0,0,4.024,0,0,0,0,0,0,0,8,2,14,601.965,7.6
"559",20,2014-04-09,18,7.6,0.1,1,0.10765099626401,1299.85599994659,0,4,151.45,263.23,139.342,0,0,0,44.223,974.792,0,0,0,0,0,202.792999982834,202.712,7.527,3,15,1573.037,7.4
"560",20,2014-04-10,19,7.4,0,0.6,0.031831973216154,1213.40699982643,0,1,86.771,661.899,123.988,0,0,0,10.035,330.513,0,0,0,0,0.00793650793650794,30.0469999313354,30.051,5,4,15,1213.206,7.4
"561",20,2014-04-11,20,7.4,0.4,0.8,0.212144717726116,169.18499994278,2,0,55.402,72.345,0,0,0,0,41.273,0,0,0,0,0,0.0221716841254918,0,0,8,5,15,169.02,6.8
"562",20,2014-04-12,21,6.8,0,0.6,0.254482708516664,1708.15399980545,6,1,293.405,1495.558,0,49.692,1.003,0,45.849,0,0,0,0,0,0,0,0,1,6,15,1885.507,6.8
"563",20,2014-04-13,22,6.8,0,0.6,0.141704346765132,5.01699995994568,0,0,12.451,0,0,0,569.675,0,0,0,0,0,0,0,0.00683908045977011,2243.95100021363,1490.163,7,7,15,582.126,6.8
"564",20,2014-04-14,23,6.8,0,0.2,0.109035768153415,0,0,2,0,0,0,0,0,0,0,0,0,0,0,0,0.005,0,0,6,1,15,0,6.8
"565",20,2014-04-15,24,6.8,0,0.6,0.149768518518519,699.731999874115,0,0,104.234,421.382,24.137,0,0,0,14.144,135.541,0,0,0,0,0.00866518829754124,0,0,8,2,15,699.438,7.2
"566",20,2014-04-16,25,7.2,0.4,0.6,0.00333333333333334,11.2980000972748,0,1,0,0,0,0,0,0,11.276,0,0,0,0,0,0.0634593023255814,0,0,8,3,16,11.276,6.4
"567",20,2014-04-17,26,6.4,-0.3,0.4,0.0772785843374079,484.378999710083,0,1,183.84,300.469,0,0,0,0,0,0,0,0,0,0,0.00219298245614035,0,0,8,4,16,484.309,6.8
"568",20,2014-04-18,27,6.8,-0.4,0.6,0.109734825569671,4.42700004577637,0,0,0,0,0,0,0,0,0,4.386,0,0,0,0,0.00486111111111111,1220.11800026894,1219.987,5.497,5,16,4.386,7.4
"569",20,2014-04-19,28,7.4,-0.6,1,0.0568148076599733,2848.95300102234,0,0,73.705,2344.307,0,0,196.45,0,0,35.379,0,3.01,0,0,0.00925925925925925,89.1199996471405,89.08,7,6,16,2652.851,7.4
"570",20,2014-04-20,29,7.4,-0.1,0.8,0.330355029668155,758.62700009346,1,0,308.396,282.616,0,0,0,0,185.428,13.353,0,0,0,0,0,0,0,1,7,16,789.793,7.4
"571",20,2014-04-21,30,7.4,0.2,0.8,0.115471410291963,459.16700053215,0,1,6.592,132.347,14.783,0,0,0,14.048,1014.755,0,0,0,0,0,0,19.156,6,1,16,1182.525,6.7
"572",20,2014-04-22,31,6.7,0.4,0.3,0.199828681947681,0,0,6,0,0,0,0,0,0,0,0,0,0,0,0,0.00595238095238095,260.471000432968,411.405,6.699,2,16,0,6.6
"573",20,2014-04-23,32,6.6,0,0.5,0.131990553306343,317.956999540329,0,1,8.156,202.358,12.065,0,0,0,12.05,83.15,0,0,0,0,0,0,0,1,3,17,317.779,7
"574",20,2014-04-24,33,7,-0.2,0.4,0.0332117647058824,1476.15700149536,1,0,542.866,482.436,16.071,0,0,0,378.066,82.875,0,0,0,0,0,0,0,6,4,17,1502.314,7.2
"575",20,2014-04-25,34,7.2,0.4,0.4,0.0974760536398467,401.203000307083,0,0,127.916,226.596,0,0,0,0,46.597,0,0,0,0,0,0.0150692888556966,181.790999650955,181.635,4.358,5,17,401.109,7.2
"576",20,2014-04-26,35,7.2,0.6,0.8,0.0222222222222222,101.178999900818,0,1,0,101.155,0,0,0,0,0,0,0,0,0,0,0.116666666666667,1159.72299981117,1262.09,6.807,6,17,101.155,6.8
"577",20,2014-04-27,36,6.8,0,0,0.0583937987624428,534.121000528335,0,0,127.138,308.52,0,0,0,0,38.161,0,0,59.635,0,0,0.0125,1123.33200001717,1123.27,4,7,17,533.454,6.6
"578",20,2014-04-28,37,6.6,0,0,0.0902408963585434,1902.88499975204,0,0,194.69,599.092,92.924,0,273.674,0,37.995,313.277,0,0,0,0,0,0,0,4,1,17,1511.652,NA
"579",23,2014-03-23,1,7,-0.4,1,0.287682492050308,23861.9480006695,0,0,758.487,5520.562,1009.024,0,0,0,66.582,12588.471,0,168.812,21.202,0,0.134937672146974,10167.7400021553,12163.528,2.11,7,12,20133.14,6.1
"580",23,2014-03-24,2,6.1,-0.3,0.2,0.372881026631027,8113.8790011406,0,0,2106.995,3288.494,441.406,0,0,0,363.775,43.131,0,160.976,3.016,0,0.241189551548775,6437.69600009918,9816.228,3.466,1,12,6407.793,6.2
"581",23,2014-03-25,3,6.2,-0.4,0.6,0.349009181345353,11203.729998827,0,0,1988.646,4523.681,4645.743,0,0,0,251.546,0,0,256.963,0,0,0.166666666666666,1990.71099972725,1990.389,4.192,2,12,11666.579,7.2
"582",23,2014-03-26,4,7.2,0.5,1.1,0.418704664834749,8805.6369972229,1,1,667.533,4821.866,2238.019,0,0,0,833.271,145.669,22.086,85.333,0,0,0.209205665024631,10472.9570002556,10478.01,4.68,3,13,8813.777,7.4
"583",23,2014-03-27,5,7.4,0.3,1.4,0.39375,5777.94199967385,0,0,481.434,3409.083,2572.658,0,666.601,0,85.755,15.102,0,953.916,0,0,0.231944444444445,2275.24400043488,2280.024,5.329,4,13,8184.549,6.9
"584",23,2014-03-28,6,6.9,0.4,1.2,0.43674358974359,3373.40299892426,0,0,218.199,2682.913,392.563,0,162.835,0,42.52,0,0,0,0,0,0.094090909090909,3480.23699998855,3679.88,3.555,5,13,3499.03,7.2
"585",23,2014-03-29,7,7.2,0.3,1.4,0.40274102432139,9060.99399971962,0,0,857.128,4793.53,671.243,0,2397.977,0,105.556,97.176,56.117,97.96,0,0,0.674418604651163,1918.27699947357,1917.765,6.83,6,13,9076.687,7
"586",23,2014-03-30,8,7,0.1,1.3,0.258686019862491,5439.9699985981,0,0,375.647,1816.047,2285.785,0,550.93,0,142.237,16.785,0,227.414,48.304,0,0.671875,1323.40699934959,1875.318,3.627,7,13,5463.149,7.8
"587",23,2014-03-31,9,7.8,-0.6,1.6,0.47847619047619,8267.3699991703,1,0,2159.561,2793.791,2891.126,0,462.568,0,77.564,46.412,0,0,0,0,0.292424242424242,4415.64600157738,4414.693,4.789,1,13,8431.022,7.4
"588",23,2014-04-01,10,7.4,-0.2,1.4,0.433661014911015,6607.25799942016,0,0,776.676,3989.072,659.003,0,126.497,141.805,35.653,201.21,286.194,354.051,35.176,0,0.181174986361157,5399.17899918556,5398.531,4.933,2,13,6605.337,7.2
"589",23,2014-04-02,11,7.2,0.6,0.6,0.493592487007121,4976.81500029564,3,1,208.401,2322.534,2367.778,0,42.667,0,11.231,34.518,0,35.467,0,0,0.57030303030303,5812.89299917221,5866.246,2.625,3,14,5022.596,7.4
"590",23,2014-04-03,12,7.4,0.4,1.2,0.464895043706703,7554.85399913788,0,0,1324.137,4149.327,1313.491,0,470.493,0,70.19,50.619,97.513,138.92,4.011,0,0.114817073170732,5491.08000135422,5495.137,3.964,4,14,7618.701,7.4
"591",23,2014-04-04,13,7.4,-0.2,0.8,0.431251997308814,7111.71099948883,1,1,923.063,4677.719,1399.827,0,101.021,0,9.152,0,0,0,0,0,0.2254569687738,7804.55700111389,7841.794,3.103,5,14,7110.782,6.4
"592",23,2014-04-05,14,6.4,0.2,0.6,0.526902749605589,2780.02399945259,1,0,310.356,2046.669,121.543,0,227.524,0,100.435,0,0,0,0,0,0.409992372234935,3693.5489988327,3693.108,5.566,6,14,2806.527,7
"593",23,2014-04-06,15,7,0,0.6,0.331095130284785,7915.52000117302,5,0,756.827,4645.618,2323.029,0,0,0,50.966,40.215,71.769,28.265,0,0,0.432727272727273,2793.45700144768,2796.287,1.418,7,14,7916.689,6
"594",23,2014-04-07,16,6,0,0.4,0.437433378500452,7432.36900019646,1,1,711.153,3884.024,2650.826,0,0,0,44.192,59.675,498.096,67.417,0,0,0.248894838295138,4178.48200130463,4177.791,4.028,1,14,7915.383,6.6
"595",23,2014-04-08,17,6.6,-0.1,0.4,0.236574074074074,12048.365998745,0,0,693.926,3719.18,35.235,0,0,0,85.677,583.47,58.593,63.865,19.111,0,0.237865691489362,3214.33700013161,3213.95,4.661,2,14,5259.057,7.2
"596",23,2014-04-09,18,7.2,-0.4,1.2,0.357802197802198,6154.78800106048,0,0,274.896,5089.593,525.329,0,115.422,0,74.348,74.394,0,0,0,0,0.172619047619048,3414.43200063706,3439.074,4.451,3,15,6153.982,7
"597",23,2014-04-10,19,7,0,0.8,0.460512992139498,6478.67700052261,0,1,169.946,3464.624,0,0,2335.497,0,96.234,411.997,0,0,0,0,0.101298701298701,13819.4549999237,13818.87,0,4,15,6478.298,7
"598",23,2014-04-11,20,7,0.4,1,0.353242737188257,5084.74700021744,4,0,700.468,2687.435,0,0,645.153,0,128.551,0,631.644,72.438,0,0,0.120286512928022,8199.02099967003,8198.912,3.993,5,15,4865.689,7.8
"599",23,2014-04-12,21,7.8,0,1.1,0.361081462397252,3921.27999949455,0,0,102.319,2228.98,937.118,0,290.069,0,110.519,137.808,128.453,0,0,0,0.511904761904762,1779.66999983788,1746.85,5.047,6,15,3935.266,7.2
"600",23,2014-04-13,22,7.2,0.6,1,0.468691167146271,2784.12499785423,0,0,219.227,2013.166,327.632,0,16.824,0,139.443,0,0,67.635,0,0,0.0744202898550725,3670.44799947739,3669.974,3.683,7,15,2783.927,7.6
"601",23,2014-04-14,23,7.6,0,0.8,0.3290390157438,10228.1729991436,0,0,737.313,4876.473,0,0,4399.961,0,0,39.294,130.89,5.016,0,0,0.108134920634921,3975.58799934387,3975.492,4.566,1,15,10188.947,7.2
"602",23,2014-04-15,24,7.2,0.4,1,0.309340788312396,7851.46199822426,1,0,2254.27,3265.779,43.211,0,614.703,1082.168,448.332,11.039,66.907,0,0,0,0.395833333333333,2135.29999899864,2135.147,4.322,2,15,7786.409,7.4
"603",23,2014-04-16,25,7.4,0,1,0.421435172927362,8241.9480009079,2,0,802.503,3609.13,0,0,155.624,2929.016,71.768,495.169,177.82,0,0,0,0.183696900114811,2366.14599895477,2365.926,4.436,3,16,8241.03,7.4
"604",23,2014-04-17,26,7.4,1.3,1.2,0.518168765958567,10724.2949998379,0,0,815.183,7274.687,14.545,0,356.74,2132.851,317.448,0,0,93.297,0,0,0.312611408199643,1274.91400027275,1274.695,5.173,4,16,11004.751,7.6
"605",23,2014-04-18,27,7.6,0.4,1,0.339987373737374,5567.58100056648,1,0,363.386,4071,168.134,0,0,0,161.029,31.057,6.017,79.977,166.96,0,0.0703166935050993,2428.84500026703,2484.865,3.804,5,16,5047.56,7.2
"606",23,2014-04-19,28,7.2,-0.4,0.9,0.347334697210333,1799.47099924088,0,0,144.813,1404.405,5.035,0,133.636,0,120.953,0,0,0,6.021,0,0.333333333333333,228.69500041008,228.457,5.282,6,16,1814.863,7.8
"607",23,2014-04-20,29,7.8,0.2,1,0.413046310987487,4304.38599967957,1,0,598.725,1902.754,1253.589,0,50.729,0,208.747,246.813,0,42.227,0,0,0.666666666666667,1009.67500090599,1009.407,3.13,7,16,4303.584,7.2
"608",23,2014-04-21,30,7.2,-0.4,1,0.451401311866428,2410.25399875641,0,0,66.354,2156.548,0,0,0,0,162.585,23.879,0,0,0,0,0.206896551724138,1591.73900103569,1591.048,5.302,1,16,2409.366,6.2
"609",23,2014-04-22,31,6.2,0.2,0.4,0.448151235959597,10219.3110017776,3,0,2858.027,3981.761,136.946,0,0,282.102,123.997,0,0,3.592,8.266,0,0.0998820932974573,8299.87500095367,8037.48,3.765,2,16,7394.691,6.8
"610",23,2014-04-23,32,6.8,0.1,0.8,0.363397798951608,9022.574000597,2,0,2856.198,2772.945,485.254,0,287.45,1705.81,41.044,0,5.013,876.893,0,0,0.0762244291656057,6579.69899892807,4298.384,5,3,17,9030.607,7.4
"611",23,2014-04-24,33,7.4,0,1,0.5974045531147,7749.09000062943,1,1,481.008,4579.935,75.087,0,3.008,1351.853,304.345,896.077,0,57.257,0,0,0.0798913043478261,4261.66099977493,4261.43,6.096,4,17,7748.57,7.7
"612",23,2014-04-25,34,7.7,0.1,1.4,0.360608293679011,7213.08000183105,1,0,1838.256,3857.38,39.42,0,0,5.083,82.327,1279.18,0,142.21,2.007,0,0.412080745341615,4383.64200019836,4264.794,2.996,5,17,7245.863,7.1
"613",23,2014-04-26,35,7.1,0.7,0.9,0.487914307914308,5219.06100177765,1,0,616.946,3957.041,422.296,0,1.01,4.013,31.127,0,122.555,63.158,0,0,0.120833333333333,837.121000289917,865.932,3.113,6,17,5218.146,7
"614",23,2014-04-27,36,7,0.2,1,0.308370070551701,9027.89699792861,0,1,1130.492,5277.505,903.968,0,0,0,506.405,103.585,0,98.77,10.091,0,0.8125,3576.18699765205,3470.334,3.275,7,17,8030.816,7.6
"615",23,2014-04-28,37,7.6,-0.2,1,0.487238322535247,10212.878998518,2,2,792.047,2603.647,1097.141,0,78.45,5228.516,57.544,260.224,57.297,37.465,0,0,0.171928551686014,5071.55700016022,5070.893,2.661,1,17,10212.331,7.4
"616",23,2014-04-29,38,7.4,-0.2,1.2,0.429166666666667,2063.35500097275,2,0,775.473,681.819,267.015,0,0,0,88.869,250.608,0,0.111,0,0,0.204040404040404,5559.33600044251,5558.921,5.607,2,17,2063.895,7.8
"617",23,2014-04-30,39,7.8,-0.4,0.6,0.343826754385965,6126.97400021553,2,0,269.593,4174.952,512.172,0,0,0,19.248,1428.618,0,0,0,0,0.496015132408575,5258.25999975205,4830.493,3.625,3,18,6404.583,7.2
"618",23,2014-05-01,40,7.2,-1,0.8,0.360795981693506,10079.888001442,0,0,306.725,8399.869,747.87,0,0,0,4.018,437.29,0,194.353,0,0,0.291908563134978,5839.69899940491,5844.147,4.895,4,18,10090.125,7.8
"619",23,2014-05-02,41,7.8,0.1,1,0.4458680039503,8525.57100009918,0,0,558.417,4168.865,493.955,0,0,3079.064,0,0,248.469,0,0,0,0.306797853309481,3723.41700053215,3936.715,6.131,5,18,8548.77,7.4
"620",23,2014-05-03,42,7.4,0.7,0.6,0.558888888888889,1256.25099849701,0,0,132.767,1122.853,0,0,0,0,0,0,0,0,0,0,0.708333333333333,431.654000520706,431.534,4.487,6,18,1255.62,NA
"621",25,2014-04-10,1,6.8,0.4,0.6,0.13234768907563,5807.09799981117,0,0,1887.593,2268.355,23.124,0,34.28,74.541,301.057,2080.86,0,0,0,0,0.0730917366946781,2366.64199995995,2367.493,6.86,4,15,6669.81,7.4
"622",25,2014-04-11,2,7.4,0,0.2,0.122008547008547,5707.19000029564,2,3,1047.793,2245.977,0,0,0,1.025,51.323,3991.986,0,0,0,0,0.28125,1147.75299954414,1870.13,5,5,15,7338.104,6.8
"623",25,2014-04-12,3,6.8,0.3,0.4,0.0727657774888347,859.514999866486,2,1,607.123,265.075,0,0,0,20.135,48.681,862.836,0,0,0,0,0.0212962962962963,471.706000328064,10475.629,6,6,15,1803.85,6.6
"624",25,2014-04-13,4,6.6,-0.4,0.4,0.0879917149018273,2744.26900005341,4,0,464.921,1477.612,0,0,0,53.734,48.375,646.166,0,0,0,53.66,0.0101316192225283,3328.45200061798,3328.525,3,7,15,2744.468,6.5
"625",25,2014-04-14,5,6.5,0.1,0.5,0.088928033638302,7335.1009991169,8,0,1169.208,5198.364,0,0,0,0,71.51,888.251,0,0,0,7.031,0.0579674165889798,0,0,0,1,15,7334.364,6.6
"626",25,2014-04-15,6,6.6,-0.4,0.1,0.120429954500997,3651.7770023346,2,1,1168.274,1999.518,0,0,0,0,115.803,248.51,86.227,0,0,33.173,0.0135949293377231,572.582999706268,572.682,3,2,15,3651.505,7.2
"627",25,2014-04-16,7,7.2,0.2,0.6,0.16146351160568,7062.33599925041,6,3,1071.268,4984.017,60.439,0,0,164.333,235.152,519,22.274,0,0,5.033,0.00462962962962963,728.991999864579,728.95,5,3,16,7061.516,6.4
"628",25,2014-04-17,8,6.4,-0.4,-0.2,0.19062235989872,16342.6600012779,3,0,1589.714,8667.944,0,0,0,404.332,86.468,5407.369,185.435,0,0,0,0.0117368823080087,488.433000326157,488.428,5,4,16,16341.262,6.6
"629",25,2014-04-18,9,6.6,-0.4,0.2,0.106597736449719,8208.81199932098,3,6,2216.927,5977.505,0,0,10.035,0,207.213,606.196,157.3,0,0,0,0.022524411752054,3075.99099969864,3162.92,3,5,16,9175.176,7.8
"630",25,2014-04-19,10,7.8,-0.8,0.4,0.131987575294785,3002.31200051308,6,0,527.667,2368.829,0,0,0,25.15,43.165,36.61,0,0,0,0,0.0735452586206898,3995.56700110436,3995.456,4.945,6,16,3001.421,6.8
"631",25,2014-04-20,11,6.8,0,0,0.0375438596491228,3551.93200063705,2,0,494.932,2607.98,0,0,62.141,0,104.054,244.9,37.179,0,0,0,0.0333333333333333,2098.97299957275,2098.452,2,7,16,3551.186,7.4
"632",25,2014-04-21,12,7.4,0,0.9,0.138333333333333,8346.05000019074,5,10,1811.921,3179.725,0,0,327.173,0,163.948,2952.833,184.461,0,0,51.555,0.0166666666666667,2188.3770005703,2187.819,4,1,16,8671.616,8.6
"633",25,2014-04-22,13,8.6,0.4,0.9,0.183440226665379,9868.38599991798,9,0,4789.181,4448.593,0,0,18.07,38.502,203.61,25.174,45.257,0,0,0,0.0185185185185185,271.473000049591,271.333,3,2,16,9568.387,6.3
"634",25,2014-04-23,14,6.3,-0.6,0,0.117056932966024,8080.0479991436,4,4,1507.454,4657.56,0,0,0,62.699,124.266,1772.123,0,0,0,9.127,0.00235849056603774,1404.54200029374,1874.327,6.164,3,17,8133.229,6
"635",25,2014-04-24,15,6,-1.2,0,0.13,8346.17800045013,7,0,2092.311,5763.369,0,0,125.654,0,112.507,664.874,480.976,0,0,38.19,0.00740740740740741,977.135000228881,977.034,4,4,17,9277.881,6.7
"636",25,2014-04-25,16,6.7,-0.2,0,0.0794444444444445,4815.05899977684,2,0,1396.977,2364.954,1186.037,0,230.332,2.012,75.829,0,0,0,0,41.306,0.012037037037037,1290.43200016022,1924.717,4,5,17,5297.447,7.4
"637",25,2014-04-26,17,7.4,0.6,1,0.188156445933796,4378.8940000534,6,0,1107.486,3539.105,0,0,0,0,55.675,0,0,0,0,0,0.055392156862745,2790.85199952125,2790.602,4.463,6,17,4702.266,7.3
"638",25,2014-04-27,18,7.3,-0.5,0.8,0.025005291746432,2735.84700059891,1,0,446.701,2083.537,0,0,245.612,10.159,45.306,0,0,0,0,0,0.0166666666666666,2930.38900017739,2959.76,6.708,7,17,2831.315,7.2
"639",25,2014-04-28,19,7.2,0,0.4,0.191886087768441,11988.3719987869,12,4,1902.765,8860.863,312.591,0,322.719,2.007,408.733,4.081,45.408,0,0,28.181,0.00648148148148148,642.03099989891,641.994,4,1,17,11887.348,6
"640",25,2014-04-29,20,6,-1.2,-0.6,0.118852157943067,10214.5309994221,9,10,2042.483,7060.064,690.371,0,0,0,267.188,625.513,14.916,0,0,17.795,0.00277777777777778,1331.64099979401,1954.182,5,2,17,10718.33,6.2
"641",25,2014-04-30,21,6.2,0.8,-0.4,0.17704085407748,12728.5939984322,5,1,8274.599,7141.828,283.013,0,0,0,194.288,0,143.37,0,0,5.067,0.0296296296296296,859.868000268937,859.725,4,3,18,16042.165,7.4
"642",25,2014-05-01,22,7.4,-0.5,0.8,0.13773425623693,8070.24799871445,20,0,1858.95,5754.611,0,0,0,178.414,216.958,120.227,208.069,0,0,0,0.00462962962962963,615.572000265121,627.472,5,4,18,8337.229,6.6
"643",25,2014-05-02,23,6.6,-0.5,0.2,0.197397660818713,4969.78900051117,9,1,1597.719,3554.812,0,0,171.17,9.071,143.56,129.501,0,0,0,0,0.00369605142332415,3695.16999983788,3605.509,4,5,18,5605.833,6.7
"644",25,2014-05-03,24,6.7,-0.2,0.2,0.0777777777777777,9644.37000012398,3,0,3810.377,3163.377,338.399,31.148,73.016,0,106.766,2120.875,0,0,0,0,0.0472222222222223,1340.55200004578,1525.851,3,6,18,9643.958,7.2
"645",25,2014-05-04,25,7.2,1,0.6,0.157512745004908,7124.67299818993,2,0,831.28,2581.046,2645.935,0,0,0,222.315,0,843.568,0,0,0,0.0259259259259259,1826.65799975395,3559.273,4,7,18,7124.144,6.8
"646",25,2014-05-05,26,6.8,-1,0.3,0.0935705540250995,6546.49700045585,7,0,1376.234,4503.097,0,0,197.199,276.685,36.412,141.978,0,0,0,16.079,0.0194677871148459,1456.73799991608,1456.005,3,1,18,6547.684,7.6
"647",25,2014-05-06,27,7.6,-0.6,0.6,0.127777777777778,9175.41700029374,0,0,1012.273,5515.937,784.608,0,46.193,101.564,454.592,1093.436,113.982,0,0,52.234,0.0222222222222222,378.093000173569,377.618,5,2,18,9174.819,7
"648",25,2014-05-07,28,7,-0.4,0.1,0.111627244229125,8632.62999939918,0,1,1013.304,5309.484,123.434,40.457,1922.369,7.066,210.093,0,0,0,0,6.024,0.00369605142332415,4842.534999609,4842.603,5,3,19,8632.231,NA
"649",26,2014-04-14,1,7.4,0.4,0.4,0.104039119921473,6069.02899956703,2,0,1093.776,1084.797,174.296,0,0,0,40.348,3623.094,0,0,0,50.385,0.00280112044817927,1913.31900024415,1913.208,6,1,15,6066.696,6.8
"650",26,2014-04-15,2,6.8,0.2,0.4,0.16032489832091,8213.41699910164,0,4,2597.184,587.91,0,0,0,132.979,41.298,5087.068,0,0,0,0,0,56.1010000705719,56.057,7,2,15,8446.439,6.7
"651",26,2014-04-16,3,6.7,-0.1,0.1,0.109631185807656,2478.05000042916,0,0,227.229,374.884,0,0,0,0,58.379,1893.142,0,0,0,0,0.0463352007469655,441.531999826431,441.385,4,3,16,2553.634,5.9
"652",26,2014-04-17,4,5.9,-0.3,-0.1,0.0926430233110193,2649.36800026894,0,0,831.472,586.964,0,0,0,0,35.23,1607.231,107.875,0,0,0,0.0444522253345783,1028.97600030899,21563.337,4,4,16,3168.772,7.2
"653",26,2014-04-18,5,7.2,0.6,0.8,0.119680983026942,6955.65700006485,0,7,4293.196,1385.578,0,0,0,0,43.663,4756.301,0,0,0,0,0.0185185185185185,3441.98900055885,3501.387,5,5,16,10478.738,8
"654",26,2014-04-19,6,8,1,1,0.339092697277625,3143.9990003109,0,0,11514.095,1047.325,0,0,0,0,42.46,1653.397,0,0,0,0,0.00555555555555556,3507.13700032234,3506.018,5,6,16,14257.277,8
"655",26,2014-04-20,7,8,0.6,1,0.0436985616235252,6536.55199980736,0,0,287.595,839.295,64.279,0,0,0,55.701,5264.277,0,0,23.082,0,0.0250855897914721,66.0240001678467,65.961,4,7,16,6534.229,6.4
"656",26,2014-04-21,8,6.4,-0.2,0,0.107497982243745,5933.29900050163,0,0,314.597,1017.488,190.543,0,0,0,42.427,4343.745,0,0,22.112,0,0.0649717514124293,591.881999731064,591.824,5,1,16,5930.912,7
"657",26,2014-04-22,9,7,0.2,1,0.162663121745873,4928.67900133133,0,0,6171.829,782.439,0,0,0,0,39.202,1920.219,0,2.009,0,0,0.00648148148148148,1744.91900014877,1785.507,6,2,16,8915.698,6.2
"658",26,2014-04-23,10,6.2,0.2,0.2,0.152079396730444,4784.92600011826,1,1,1239.08,657.898,11.107,0,0,0,47.426,2813.266,0,0,0,12.223,0.0148303765950825,2675.62100076675,2701.264,5,3,17,4781,5.8
"659",26,2014-04-24,11,5.8,0,-0.4,0.0951898273433667,5765.63700127602,2,0,6976.201,2915.883,0,0,0,0,29.353,1848.244,0,306.755,0,16.135,0.0435185185185186,1793.60800004005,1792.725,4,4,17,12092.571,6.6
"660",26,2014-04-25,12,6.6,0.2,0.4,0.126897048674542,7800.47100067139,0,0,6149.562,2742.71,44.366,0,0,0,45.461,3817.544,137.239,0,0,18.149,0.013009648303766,1661.93399977684,1771.473,5,5,17,12955.031,7.8
"661",26,2014-04-26,13,7.8,0.6,0.8,0.404036091934867,3531.27100014686,0,0,488.781,1295.606,0,0,0,0,27.607,1596.112,118.686,0,0,0,0.107671957671958,3898.69400024414,5081.591,3,6,17,3526.792,7.7
"662",26,2014-04-27,14,7.7,0.8,0.7,0.0709509368719239,2244.15900063515,3,2,603.691,522.108,77.526,0,0,0,42.427,874.058,97.476,0,0,25.162,0.248716153127918,529.382999658584,542.566,5.435,7,17,2242.448,7.7
"663",26,2014-04-28,15,7.7,1,0.8,0.254911297852474,4323.07199883461,4,0,562.969,1824.562,241.695,0,0,0,34.367,1627.614,0,0,26.402,0,0,95.7479999065399,95.507,7,1,17,4317.609,6.6
"664",26,2014-04-29,16,6.6,0.6,0.4,0.152046796119578,3653.77800178528,0,0,1230.419,342.76,0,0,0,0,47.442,2277.535,0,0,0,59.313,0.00185185185185186,1336.43599963188,1338.882,6,2,17,3957.469,6.6
"665",26,2014-04-30,17,6.6,-0.1,0.4,0.110555555555556,5433.13999962807,0,0,685.208,2426.884,37.577,0,0,0,37.729,2243.536,0,0,0,0,0.0425925925925926,901.326000213623,900.692,5,3,18,5430.934,6.8
"666",26,2014-05-01,18,6.8,0.1,0.3,0.155252100840336,4186.14200043678,5,0,2854.7,910.379,0,0,0,0,27.212,744.33,0,0,0,0,0.0481481481481482,2094.77499961853,2093.291,4,4,18,4536.621,6.9
"667",26,2014-05-02,19,6.9,-0.1,0.6,0.171068214766098,4446.48399996758,0,0,653.463,1613.49,306.82,0,0,0,41.429,2040.511,72.414,424.117,0,12.076,0.00833333333333333,1368.87899947167,1368.313,6,5,18,5164.32,7.8
"668",26,2014-05-03,20,7.8,0,0.8,0.0526653046381903,3617.20100140572,3,0,1107.754,1032.728,24.192,0,0,0,37.533,2018.359,0,0,0,0,0.132407407407407,317.208000659943,316.977,4,6,18,4220.566,7.1
"669",26,2014-05-04,21,7.1,-0.1,0.3,0.0280284577599155,4032.925999403,0,0,347.833,240.44,77.555,0,0,0,47.319,3318.99,0,0,0,0,0,273.539000034333,1652.181,6,7,18,4032.137,6.5
"670",26,2014-05-05,22,6.5,-0.3,0.1,0.123296301571476,2717.60200047493,0,0,613.203,280.534,0,0,0,0,30.449,1471.38,0,0,0,0,0.0574074074074074,388.977000236512,388.761,5,1,18,2395.566,6.8
"671",26,2014-05-06,23,6.8,0,0.6,0.0791148775894539,6685.81700015069,1,1,806.772,468.449,137.375,0,0,0,0,5171.005,0,114.715,0,0,0.00277777777777778,1300.84399986267,1620.957,5,2,18,6698.316,6.6
"672",26,2014-05-07,24,6.6,0,0.2,0.117142696158923,2224.6360001564,2,0,549.305,325.667,0,0,0,0,25.31,1319.573,0,3.16,0,0,0.0454911433172303,215.04200053215,215.043,5,3,19,2223.015,6.3
"673",26,2014-05-08,25,6.3,0,0.3,0.137853107344633,6192.37999987602,0,0,2364.095,1186.261,1122.24,0,0,0,28.509,427.331,0,990.928,0,69.56,0.0481481481481481,384.959999561309,384.757,5,4,19,6188.924,6.8
"674",26,2014-05-09,26,6.8,0.2,0.6,0.170875706214689,7402.51399946212,0,0,1199.224,2228.808,395.479,0,0,0,48.297,3528.01,0,0,30.225,26.515,0.00841958252227445,2820.74699997902,30213.688,4,5,19,7456.558,8
"675",26,2014-05-10,27,8,0.6,1,0.0869654528478059,5556.96099972725,4,0,759.872,1322.915,0,0,0,0,30.08,3441.312,0,0,0,77.206,0.0160075329566854,771.466999530792,770.832,5,6,19,5631.385,6.2
"676",26,2014-05-11,28,6.2,0.4,0,0.106732026143791,4045.20700025558,5,1,2828.082,2074.051,9.052,0,0,0,36.556,713.381,70.547,0,0,8.063,0.0574074074074074,791.677000284195,985.314,2,7,19,5739.732,6.4
"677",26,2014-05-12,29,6.4,0,0.4,0.021788206808147,6706.15300154686,0,0,989.547,2772.977,326.994,0,0,0,25.487,2441.296,0,122.736,24.091,0,0.00462962962962963,1023.56400036812,1395.016,5,1,19,6703.128,7
"678",26,2014-05-13,30,7,0.4,0.6,0.201128269724543,6419.87800049782,0,0,4929.728,1788.89,41.431,0,0,0,26.461,2032.57,0,0,0,0,0.00555555555555556,1641.70399904251,3657.628,4,2,19,8819.08,6
"679",26,2014-05-14,31,6,0,0,0.120775134912722,1947.63900017738,1,2,3161.487,934.028,0,0,0,0,26.125,683.323,0,0,0,0,0.0490740740740741,1150.56399965286,1149.869,5,3,20,4804.963,6.4
"680",26,2014-05-15,32,6.4,0.2,0.2,0.199982163805693,8762.18200111389,0,0,929.755,6385.388,80.707,0,0,0,23.289,1279.876,0,0,24.071,0,0.0444444444444445,2198.74099969864,2253.223,5,4,20,8723.086,7.7
"681",26,2014-05-16,33,7.7,0.7,1,0.154647705235941,5471.93500018119,2,0,1976.518,2021.105,95.791,0,0,0,30.274,2288.854,0,0,0,0,0.00555555555555556,4305.37099957466,4339.668,6,5,20,6412.542,7.2
"682",26,2014-05-17,34,7.2,0.1,0.4,0.183482726423903,4241.45200109482,3,0,985.743,1690.919,89.821,0,0,0,33.494,1869.331,0,0,0,0,0.0278180354267311,3682.09999990463,4037.134,6,6,20,4669.308,7.4
"683",26,2014-05-18,35,7.4,0,0.8,0.10719421101774,5461.4949991703,2,0,934.509,1539.673,143.463,0,0,0,38.381,2244.533,0,878.506,26.175,0,0.261111111111111,595.734999895095,595.95,6,7,20,5805.24,7.2
"684",26,2014-05-19,36,7.2,-0.1,0.8,0.111079776543386,4076.78400039673,2,0,457.512,805.141,117.722,0,0,0,40.18,2655.148,0,0,0,0,0,1463.78799986839,1462.973,6,1,20,4075.703,7.6
"685",26,2014-05-20,37,7.6,-0.4,0.8,0.185616246498599,7687.398001194,0,0,1336.147,1369.236,154.932,0,0,0,33.139,4688.675,0,103.927,0,0,0.0148148148148148,1899.88199996948,1898.48,6,2,20,7686.056,7
"686",26,2014-05-21,38,7,0.2,0.8,0.202698808336894,3172.39900040626,5,0,537.048,1188.987,74.708,0,0,0,32.608,1328.576,0,0,0,8.031,0.00648148148148148,3144.46599960328,3144.285,6,3,21,3169.958,7
"687",26,2014-05-22,39,7,-0.5,0.6,0.19733893557423,4498.97599935532,1,0,2202.173,740.617,92.818,0,0,0,23.38,1507.623,0,0,0,8.066,0.0546296296296296,1123.09899973869,1122.857,4,4,21,4574.677,6.6
"688",26,2014-05-23,40,6.6,0.6,0.2,0.111407055575854,2918.06299996376,1,0,391.725,1140.565,0,0,0,0,28.32,1301.814,54.423,0,0,0,0.0398148148148149,2938.71699905396,2937.637,5,5,21,2916.847,7.7
"689",26,2014-05-24,41,7.7,-0.1,0.8,0.122899159663866,5643.58000087738,2,0,1456.623,1475.971,181.459,0,0,0,623.762,2100.5,162.437,0,23.201,0,0.116668713665766,4230.82500052452,5214.457,3,6,21,6023.953,6.8
"690",26,2014-05-25,42,6.8,0,0.4,0.149635854341737,3984.81899905205,1,0,731.913,1158.646,0,0,0,0,29.33,2021.225,72.582,0,0,0,0.185150981054936,3263.39599919319,3262.183,2,7,21,4013.696,7.2
"691",26,2014-05-26,43,7.2,-0.2,1,0.0824042124224321,6382.70399928093,2,0,1216.445,1954.918,294.056,0,0,0,47.413,2805.331,0,0,0,98.808,0.0160075329566854,1295.01700019836,1451.212,5,1,21,6416.971,5.8
"692",26,2014-05-27,44,5.8,0,-0.2,0.0428615671274651,6172.60300016403,0,0,3607.293,1666.265,246.942,0,0,0,24.272,3048.659,0,51.333,27.128,131.164,0.00840336134453781,624.396000146866,622.87,6,2,21,8803.056,5.4
"693",26,2014-05-28,45,5.4,0.6,-0.4,0.120154540448658,6901.43000078201,0,0,1319.704,1480.489,367.404,0,0,0,52.123,3904.614,136.843,0,0,178.253,0.000925925925925926,2338.66100025177,2338.312,6,3,22,7439.43,NA
"694",27,2014-04-04,1,7,1,0.2,0.192186379928315,2040.65100049972,3,1,675.18,446.35,0,0,421.726,0,110.374,771.019,106.467,0,0,0,0.0361111111111111,587.58499956131,587.207,6,5,14,2531.116,7.5
"695",27,2014-04-05,2,7.5,0,0.7,0.075,4652.37999796867,1,1,1484.068,1843.527,0,0,66.695,0,77.463,2039.397,0,0,0,0,0.0510037348272642,700.445999622345,1508.84,4,6,14,5511.15,7
"696",27,2014-04-06,3,7,-1,0.2,0.124444444444444,2981.44899940491,3,2,790.212,1253.946,0,0,136.404,0,63.426,973.451,116.07,0,0,25.474,0.012037037037037,1183.39799976349,1186.655,5,7,14,3358.983,7.6
"697",27,2014-04-07,4,7.6,1,0.8,0.124444444444444,3532.2789990902,0,0,401.444,2332.203,0,0,84.064,0,57.916,597.691,58.36,0,0,0,0.00833333333333333,1079.71900010109,1079.5,6,1,14,3531.678,7.6
"698",27,2014-04-08,5,7.6,-0.6,0.8,0.106111111111111,2451.32899999619,0,0,968.634,938.992,0,0,255.912,0,157.368,756.178,0,0,0,0,0.0175925925925926,716.307999610901,716.059,7,2,14,3077.084,7
"699",27,2014-04-09,6,7,0.9,0.9,0.17,4636.59000062943,0,0,704.706,2746.908,0,0,96.431,0,241.394,658.799,187.411,0,0,0,0.0138888888888889,545.097999572754,549.58,4,3,15,4635.649,7.4
"700",27,2014-04-10,7,7.4,-0.2,0.4,0.193888888888889,3521.92100000381,0,4,1024.469,1768.013,0,0,219.773,0,56.466,630.408,120.381,0,0,0,0.0148148148148148,426.357000112534,426.304,6,4,15,3819.51,5.8
"701",27,2014-04-11,8,5.8,0.4,-0.6,0.133333333333333,2322.44000077248,1,0,544.763,472.519,0,0,114.861,0,37.236,1010.602,0,0,0,0,0.0101851851851852,392.629999637603,392.496,6,5,15,2179.981,7.2
"702",27,2014-04-12,9,7.2,0.2,0.8,0.0928544061302682,3036.04600024224,2,1,2366.647,1489.927,0,0,148.916,0,34.522,886.649,0,0,0,0,0.00648148148148148,422.512000322342,564.156,6,6,15,4926.661,7.8
"703",27,2014-04-13,10,7.8,0.1,1.2,0.0583716475095786,1530.92400074005,2,1,460.095,714.791,0,0,30.042,0,59.667,265.926,0,0,0,0,0.282407407407407,1038.69300031662,1038.352,2,7,15,1530.521,7.5
"704",27,2014-04-14,11,7.5,-0.4,0.9,0.123888888888889,1000.14699888229,0,0,325.454,486.492,0,0,69.951,0,49.123,39.278,0,0,0,29.347,0.037037037037037,374.176999807358,374.095,6,1,15,999.645,7.2
"705",27,2014-04-15,12,7.2,-0.1,0.4,0.141652892561983,3322.48399996757,0,0,543.913,1597.319,0,0,55.316,0,54.314,874.901,279.159,0,0,0,0.00925925925925926,172.289999723434,172.212,7,2,15,3404.922,7.5
"706",27,2014-04-16,13,7.5,-1.2,0.8,0.181311858076564,5612.14400029182,0,0,786.766,1942.619,0,0,113.076,0,102.046,604.96,2053.753,0,0,0,0.00555555555555556,1062.13199996948,1061.919,4,3,16,5603.22,7.7
"707",27,2014-04-17,14,7.7,0.4,0.9,0.147240896358543,4526.63599944115,2,0,1825.281,1194.716,0,0,40.282,0,79.708,393.04,2590.377,0,0,0,0.0194444444444444,1075.70500063896,1083.741,4,4,16,6123.404,8.6
"708",27,2014-04-18,15,8.6,0,1.4,0.148888888888889,2520.12100052834,6,0,670.757,996.996,0,0,36.261,0,45.493,558.164,207.497,0,0,0,0.0166666666666667,1032.44199967384,1032.268,7,5,16,2515.168,7.5
"709",27,2014-04-19,16,7.5,0.2,0.6,0.0663165266106443,2755.55099868774,0,0,269.624,1097.025,0,0,275.675,0,60.407,1052.394,0,0,0,0,0.0712962962962963,110.985999584198,114.757,4,6,16,2755.125,7.5
"710",27,2014-04-20,17,7.5,-0.1,0.7,0.204444444444444,3519.00800037384,1,0,884.81,1639.384,0,0,209.75,0,73.832,682.991,0,0,0,0,0.158333333333333,1906.95300030708,3499.305,2,7,16,3490.767,6.8
"711",27,2014-04-21,18,6.8,0,0.2,0.118333333333333,2285.25100064278,1,1,432.269,962.858,0,0,104.593,0,56.626,628.697,0,0,0,96.973,0.00925925925925926,938.181000232697,32695.497,6,1,16,2282.016,7.8
"712",27,2014-04-22,19,7.8,-1,0.8,0.137978524743231,3612.18400025368,5,5,673.525,1152.948,0,0,378.241,0,53.217,247.899,1105.494,0,0,0,0.0111111111111111,1273.95899963379,1279.014,6,2,16,3611.324,7.8
"713",27,2014-04-23,20,7.8,0.1,0.6,0.107543617998163,2809.9990003109,1,0,421.443,1174.137,0,0,269.136,0,53.28,811.373,80.125,0,0,0,0.0287037037037037,1036.49300003052,1036.365,6,3,17,2809.494,7.6
"714",27,2014-04-24,21,7.6,0.6,0.6,0.136811391223156,3391.66699886322,4,0,1156.383,1711.305,0,0,59.788,0,72.642,505.678,183.085,0,0,0,0.0111111111111111,118.190999746323,118.161,7,4,17,3688.881,7.6
"715",27,2014-04-25,22,7.6,1.2,0.6,0.157843137254902,2508.29599928856,0,0,586.221,1169.435,0,0,165.071,0,56.311,498.62,0,0,1.003,30.761,0.00462962962962963,571.821000099182,571.554,7,5,17,2507.422,8
"716",27,2014-04-26,23,8,0.4,0.6,0.363333333333333,3347.69500041008,11,0,1207.57,1300.479,0,0,0,0,247.145,460.177,0,0,0,60.371,0.322222222222222,2410.48600077629,2409.795,1,6,17,3275.742,7.9
"717",27,2014-04-27,24,7.9,0.1,0.8,0.09,6339.20900034904,3,0,774.48,3391.479,0,0,42.379,0,64.399,2169.94,79.704,0,0,0,0.319957147229874,1019.78999996185,1187.65,1,7,17,6522.381,7.8
"718",27,2014-04-28,25,7.8,0.2,0.8,0.197777777777778,4297.82799839973,3,0,712.265,1189.369,0,0,117.504,0,192.24,1324.05,761.652,0,0,0,0.0175925925925926,379.177000045776,382.164,6,1,17,4297.08,7.2
"719",27,2014-04-29,26,7.2,-1.2,0.4,0.14,2569.70700120926,3,0,654.787,906.528,0,0,177.047,0,91.841,738.763,0,0,0,0,0.0148148148148148,653.384000062943,653.293,7,2,17,2568.966,6.8
"720",27,2014-04-30,27,6.8,0.9,0.6,0.137260536398467,4691.00800085068,1,0,885.338,1846.758,251.452,0,135.213,0,59.706,1540.43,0,0,0,0,0,1217.26699995995,1217.16,7,3,18,4718.897,7.6
"721",27,2014-05-01,28,7.6,0.4,0.8,0.14816091954023,3457.89900064468,1,0,672.182,1585.944,162.572,0,385.637,0,42.359,608.322,0,0,0,0,0.00833333333333333,2483.94400024414,2483.571,6,4,18,3457.016,7.2
"722",27,2014-05-02,29,7.2,-1,0.6,0.161111111111111,2995.53699874878,1,0,598.956,1529.8,0,0,256.453,0,74.856,534.575,0,0,0,0,0.0527777777777778,1384.17199993134,1383.967,5,5,18,2994.64,6.9
"723",27,2014-05-03,30,6.9,1.1,0.2,0.115,3130.07699966431,2,0,553.149,1878.635,0,0,0,0,39.181,444.614,213.976,0,0,0,0.05,524.014999866485,523.829,6,6,18,3129.555,7.4
"724",27,2014-05-04,31,7.4,-0.2,0.6,0.0923529411764706,4124.40799999237,0,0,2126.48,2011.403,0,0,52.266,0,62.166,1421.033,0,0,0,0,0.116666666666667,2452.87599945068,2451.427,4,7,18,5673.348,8
"725",27,2014-05-05,32,8,0,0.8,0.251729135432284,4959.25199913978,0,0,1009.153,1803.685,0,0,134.515,0,29.505,1011.667,0,0,0,0,0.0101851851851852,1164.1749997139,1163.941,7,1,18,3988.525,7
"726",27,2014-05-06,33,7,-0.6,0.8,0.149444444444444,2397.6590013504,1,0,600.921,1741.033,0,0,48.879,0,6.064,0,0,0,0,0,0.0186507936507937,1108.64299941063,1108.523,6,2,18,2396.897,7.8
"727",27,2014-05-07,34,7.8,0.6,0.8,0.188625730994152,2820.18699979782,2,4,1238.515,1725.264,0,0,22.092,0,41.658,128.306,0,0,0,0,0.012037037037037,2467.46799993515,2466.932,6,3,19,3155.835,7
"728",27,2014-05-08,35,7,0.6,0.2,0.106934865900383,2875.04600024223,1,0,474.295,1993.736,0,0,86.988,0,37.236,282.166,0,0,0,0,0.0400744202146071,389.838000059127,389.559,6,4,19,2874.421,6.4
"729",27,2014-05-09,36,6.4,1.2,-0.2,0.146666666666667,4721.04599833488,0,2,1217.548,2189.691,0,0,83.545,0,50.701,1155.457,0,0,0,23.144,0.012037037037037,1196.92399954796,1198.918,6,5,19,4720.086,6.6
"730",27,2014-05-10,37,6.6,0.6,0,0.155095785440613,4447.76199984551,2,0,926.78,2527.287,0,0,78.401,0,46.518,763.924,28.979,0,0,77.999,0.0203703703703703,551.539999723434,551.5,6,6,19,4449.888,7
"731",27,2014-05-11,38,7,1.4,0.4,0.0943381642512078,6778.74400019645,4,0,878.007,3362.227,0,0,0,0,37.197,647.675,0,0,0,303.357,0.0478434130332864,2296.46299958229,934.427,3,7,19,5228.463,7.8
"732",27,2014-05-12,39,7.8,0.1,1,0.160057471264368,1978.68300151825,2,0,555.005,1090.838,0,0,45.848,0,44.544,212.431,0,0,0,31.067,0.00833333333333334,626.445999622345,626.347,6,1,19,1979.733,6.8
"733",27,2014-05-13,40,6.8,0.8,0.4,0.107222222222222,3588.23800063133,3,3,958.35,2010.85,0,0,14.079,0,33.159,570.887,0,0,0,0,0,1464.49900078774,1464.342,7,2,19,3587.325,NA
"734",28,2014-04-02,1,6.9,-0.4,0.5,0.0691450834026302,9899.73700094223,2,0,2056.845,2498.336,628.198,274.499,0,0,76.419,2806.635,160.134,0,565.682,45.055,0,333.866000175477,287.812,6,3,14,9111.803,8
"735",28,2014-04-03,2,8,0,1.13333333333333,0.241780882186019,8317.40700125695,0,0,6540.588,2679.751,1003.647,37.822,0,0,71.245,2047.148,153.465,0,0,87.685,0,1977.95499968529,1656.047,6,4,14,12621.351,6.3
"736",28,2014-04-04,3,6.3,-0.3,0.4,0.198110382776177,11308.7150015831,3,0,3169.679,5342.688,91.771,34.124,194.184,0,78.506,2034.414,236.293,11.044,163.924,57.53,0.00289855072463768,853.493000030518,641.292,5,5,14,11414.157,7.6
"737",28,2014-04-05,4,7.6,-0.8,0.8,0.0428342248045334,6736.8279979229,0,0,1904.602,1465.174,340.066,0,132.689,0,67.522,1644.221,0,8.355,545.14,0,0.000918273645546373,2437.08100008964,1761.256,5,6,14,6107.769,7.2
"738",28,2014-04-06,5,7.2,-0.6,0.6,0.0196048587427898,4993.64699959755,0,0,745.166,1008.786,98.899,0,0,0,38.466,2284.033,0,21.088,0,0,0.00198412698412699,1180.77600002289,939.054,7,7,14,4196.438,8
"739",28,2014-04-07,6,8,0.2,1.2,0.177465965193612,7719.13400101661,0,0,1426.582,2255.104,780.095,0,102.259,0,57.895,1817.809,305.136,0,0,55.789,0,980.118999958038,10227.958,5,1,14,6800.669,7.8
"740",28,2014-04-08,7,7.8,-0.2,1,0.156516811237117,6412.85900259018,0,0,5473.997,3134.803,0,0,74.429,0,47.276,1403.92,120.949,19.103,0,24.14,0.00292027564754837,3891.45500063897,3352.819,5,2,14,10298.617,6.8
"741",28,2014-04-09,8,6.8,-0.3,0.4,0.338327105115731,11470.927999258,0,1,2333.416,1677.198,230.748,93.374,4.021,0,189.966,1510.062,0,0,6.101,0,0.0340131132104597,1073.5,1121.569,5,3,15,6044.886,6.4
"742",28,2014-04-10,9,6.4,-0.6,0.4,0.327371095376553,3993.16399884224,0,0,3143.86,1324.709,132.966,23.455,0,0,57.847,507.525,185.501,0,0,0,0.00617283950617283,868.191999435425,1256.843,6.365,4,15,5375.863,7.2
"743",28,2014-04-11,10,7.2,-0.6,0.5,0.354362815988303,20430.5799987316,8,2,1546.804,2610.441,49.302,130.212,0,0,105.031,890.881,1441.197,0,12.924,10.104,0.337951944211619,6153.65599918366,7159.802,1.526,5,15,6796.896,7.8
"744",28,2014-04-12,11,7.8,-0.8,1.1,0.0595080895728408,10513.8380014896,0,0,2739.761,3004.42,471.004,46.519,986.146,0,56.884,2696.568,0,50.387,960.437,42.271,0.00189933523266857,2529.49000048637,2251.971,6,6,15,11054.397,7.2
"745",28,2014-04-13,12,7.2,-0.6,0.8,0.054457928351544,8578.87200164795,2,0,1621.96,3496.828,258.271,0,378.55,0,43.544,2309.334,0,0,153.529,38.606,0.022370059134765,1436.0999994278,1449.598,3,7,15,8300.622,6.8
"746",28,2014-04-14,13,6.8,-1,0.6,0.167623338220244,9529.89100217819,0,1,5068.642,4756.766,38.197,45.421,94.11,0,51.498,1705.489,7.27,0,327.859,66.258,0,705.645999908447,292.073,7,1,15,12161.51,6.9
"747",28,2014-04-15,14,6.9,-0.2,0.5,0.187613719944682,8611.17999982834,0,0,3302.904,2636.756,0,153.303,838.002,0,104.314,2627.659,0,0,2.097,0,0.003613369467028,1351.57899951934,727.882,6,2,15,9665.035,6.8
"748",28,2014-04-16,15,6.8,0.6,0.1,0.0568530097217718,7926.28399944305,0,0,3531.374,2863.619,32.317,76.496,4.053,0,45.195,3325.518,0,0,0,79.236,0,1245.85500025749,1245.568,5,3,16,9957.808,7.3
"749",28,2014-04-17,16,7.3,-0.6,0.4,0.171530273764144,7397.79899930953,2,0,1610.421,1268.341,606.406,0,0,0,52.859,2855.47,0,0,0,0,0.00290717214492169,2232.14999985695,2231.581,5,4,16,6393.497,5.8
"750",28,2014-04-18,17,5.8,-0.2,0.4,0.0556017276012928,9746.57099819183,0,0,2447.193,2343.67,233.807,204.442,974.711,0,43.356,1170.989,143.316,9.035,1304.114,71.178,0,2499.99799966812,2722.261,5,5,16,8945.811,6.8
"751",28,2014-04-19,18,6.8,-0.2,0.6,0.0237843468539374,5208.46899986267,1,0,875.399,745.761,274.017,13.427,0,0,35.561,1525.607,0,18.08,1162.082,0,0,334.876999616623,166.375,6,6,16,4649.934,7.8
"752",28,2014-04-20,19,7.8,-0.7,1,0.0500540918342449,4535.61100125313,0,0,679.778,161.868,141.098,0,211.4,0,37.362,1473.766,0,0,781.87,0,0.0151463936774671,1016.8109998703,914.688,6,7,16,3487.142,8
"753",28,2014-04-21,20,8,-0.6,1,0.120475959083707,4725.47600054741,0,0,938.729,1110.204,57.391,0,67.439,0,46.432,895.01,171.583,0,256.488,39.01,0,1014.30599999428,830.263,6,1,16,3582.286,7.4
"754",28,2014-04-22,21,7.4,-0.3,1,0.266119625562519,11142.9519991875,0,0,7754.229,2515.849,86.344,0,47.307,0,37.439,1158.928,137.651,0,20.337,0,0.000957854406130268,86.6199998855591,675.442,7,2,16,11758.084,6.9
"755",28,2014-04-23,22,6.9,0.533333333333333,1,0.126382701299028,7366.8149998188,0,1,4391.161,2575.431,142.137,47.781,93.535,0,50.004,2125.187,169.145,16.097,0,53.44,0.0033753685927599,4600.28899955749,3222.565,3,3,17,9663.918,8
"756",28,2014-04-24,23,8,-0.2,1.2,0.125255648619253,10292.806000948,0,0,2792.258,2964.364,417.576,0,82.664,0,38.375,2559.902,0,0,1800.118,130.565,0.274509803921569,1913.85200023651,903.442,7.178,4,17,10785.822,7
"757",28,2014-04-25,24,7,-0.2,1,0.198465272923262,4239.4859995842,0,0,2916.827,863.989,34.246,22.16,37.243,0,42.709,1666.322,89.547,0,10.033,62.71,0.0168067226890757,1128.60099983215,1377.828,5,5,17,5745.786,6.8
"758",28,2014-04-26,25,6.8,0,0.4,0.0517054810364689,3763.69199991226,0,0,554.896,535.326,77.907,24.242,59.433,23.264,47.932,1739.375,129.18,40.239,0,104.557,0.01691776522285,264.783999919891,264.251,2,6,17,3336.351,7.7
"759",28,2014-04-27,26,7.7,0.1,0.8,0.0846895285342872,13877.1710000038,0,0,905.869,1540.647,558.951,27.412,51.332,0,41.305,1685.418,182.125,24.225,236.878,170.372,0.00185185185185186,159.031000137329,159.026,7,7,17,5424.534,6.4
"760",28,2014-04-28,27,6.4,-0.3,0.2,0.189472751941616,2103.11899995804,0,0,1126.458,676.588,74.999,0,0,0,673.05,290.841,81.965,0,7.022,0,0,583.637999773025,632.464,3,1,17,2930.923,7
"761",28,2014-04-29,28,7,-0.2,0.8,0.115572753916082,0,0,0,9.48,24.046,0,0,0,0,0,0,0,0,0,0,0.0982569685782912,0,0,0,2,17,33.526,6.5
"762",28,2014-04-30,29,6.5,-0.2,0.3,0.104893471108856,258.286999940872,0,0,72.571,234.487,0,0,0,0,23.65,38.171,0,0,0,0,0.151979802209124,0,0,0,3,18,368.879,6.4
"763",28,2014-05-01,30,6.4,-0.6,0.4,0.088595655181333,5555.38799953461,0,1,5426.906,1213.677,455.105,89.153,360.182,0,117.892,1552.111,82.913,37.83,0,40.242,0.00564971751412429,1126.36999988556,1125.835,6,4,18,9376.011,6.8
"764",28,2014-05-02,31,6.8,-0.2,0.6,0.130431338269264,6038.6899998188,1,0,3488.285,1878.08,109.002,0,0,0,165.147,2071.274,30.166,0,5.405,0,0.00564971751412429,2916.75099945069,3010.453,6,5,18,7747.359,7.4
"765",28,2014-05-03,32,7.4,0.2,1.1,0.0725636455318718,5905.33899998665,2,0,2712.351,1886.016,144.737,0,418.59,0,36.355,1313.621,0,46.672,217.981,0,0.00198412698412699,2746.28700065613,2244.707,6,6,18,6776.323,6.8
"766",28,2014-05-04,33,6.8,-0.4,0.7,0.0405967160661352,6651.82999920845,0,0,2028.869,1192.514,212.833,0,371.341,0,157.778,1114.783,118.765,0,1047.926,30.084,0.0338469959159614,3798.56299996376,2962.645,4,7,18,6274.893,7
"767",28,2014-05-05,34,7,0.4,1,0.0891860434528107,3343.67799901962,0,0,913.965,929.103,0,0,0,0,78.516,827.226,0,56.426,454.036,53.47,0.0136612021857923,617.151999950409,406.675,5,1,18,3312.742,7.4
"768",28,2014-05-06,35,7.4,0.4,1,0.110871003582001,5728.44799971581,1,0,5887.804,2210.233,188.474,13.349,21.003,0,6.328,1590.346,28.435,32.111,0,31.711,0.008274231678487,2291.22200036049,2285.059,7,2,18,10009.794,6.1
"769",28,2014-05-07,36,6.1,0,-0.4,0.0447469725468576,6204.77700042725,1,0,2419.601,1525.368,67.793,27.477,409.98,0,96.863,1828.857,160.396,33.676,0,9.186,0.00746965452847806,1057.53999948502,571.13,5,3,19,6579.197,7
"770",28,2014-05-08,37,7,0.6,0.7,0.0623129250425361,2640.34100008011,0,0,2566.848,1174.962,0,0,148.867,0,26.128,1240.587,0,0,0,0,0,687.679999828339,481.722,5,4,19,5157.392,NA
"771",29,2014-04-02,1,8.3,0.4,1.3,0.229650531974917,1939.00099945068,0,2,215.401,749.776,7.023,0,0,267.946,144.331,0,0,0,14.126,0,0.215588954107249,0,0,0,3,14,1398.603,7.4
"772",29,2014-04-03,2,7.4,-0.4,0.4,0.221985166062245,2074.22000002861,0,0,120.777,1477.865,0,0,0,396.677,100.701,134.808,90.717,0,0,0,0.0242063492063492,788.83999991417,2495.738,6.464,4,14,2321.545,7.8
"773",29,2014-04-04,3,7.8,-1.2,0.8,0.0218832269465181,3380.31099891663,0,0,5.04,773.572,172.066,0,0,114.361,69.44,1442.472,777.9,0,0,0,0.00740740740740741,1865.11200022697,2701.177,6,5,14,3354.851,8
"774",29,2014-04-05,4,8,0.9,0.9,0.235232895872036,4046.78700017929,0,2,145.836,1406.868,0,0,0,696.786,75.596,1231.35,316.994,0,0,0,0.00386473429951691,586.764999866486,615.365,7,6,14,3873.43,7.5
"775",29,2014-04-06,5,7.5,0.5,0.6,0.102283388585392,3316.21199917793,0,0,68.366,1757.163,0,0,0,219.041,48.187,1590.663,0,0,0,0,0.106081969608416,4343.93300008774,4342.674,4.618,7,14,3683.42,7.2
"776",29,2014-04-07,6,7.2,-0.6,0.2,0.228888888888889,8321.30400037766,0,0,186.91,1399.559,47.142,0,0,635.244,213.894,5809.912,0,0,0,0,0.0231481481481482,4631.04900050163,4817.207,7.159,1,14,8292.661,7.8
"777",29,2014-04-08,7,7.8,-0.8,1,0.20946304385391,11007.850000143,0,4,1177.394,4223.338,696.8,0,0,1305.628,56.422,3474.834,182.989,0,0,0,0.00933706816059758,2870.62200021744,2870.102,6,2,14,11117.405,7.3
"778",29,2014-04-09,8,7.3,0.2,0.3,0.102865540652426,3101.48700118065,0,0,228.844,1942.058,0,0,0,290.139,42.505,596.463,0,0,0,0,0.0177404295051353,3865.4540002346,3864.792,7,3,15,3100.009,8.6
"779",29,2014-04-10,9,8.6,0.4,1.4,0.191728112655035,3572.24599838256,1,1,296.459,1143.685,28.123,0,0,535.501,701.232,846.649,0,0,0,0,0.0151515151515152,2515.88899946213,4144.032,7.203,4,15,3551.649,7
"780",29,2014-04-11,10,7,-0.2,0.7,0.0234086538576673,4630.63300013543,0,0,8.024,1978.802,70.966,27.183,0,883.876,56.289,1603.92,0,0,0,0,0.0157407407407407,3738.2749991417,3758.671,6,5,15,4629.06,8
"781",29,2014-04-12,11,8,1,0.8,0.17252970973873,1757.40699934959,0,1,62.563,1062.998,96.786,0,0,225.598,55.465,142.765,110.16,0,0,0,0.0115942028985508,2256.49899983406,2255.374,7,6,15,1756.335,8.1
"782",29,2014-04-13,12,8.1,0.5,0.7,0.103173691886154,3111.86399817467,0,0,372.647,1640.412,0,0,0,363.891,57.544,468.587,177.822,0,0,0,0.0417745999646909,2119.26399993896,2222.185,3,7,15,3080.903,8
"783",29,2014-04-14,13,8,-0.8,1,0.214087382725581,5824.14800167084,0,0,325.746,1477.262,91.469,0,0,693.36,150.379,3083.685,0,0,0,0,0.0113520640116385,6852.64900016785,3089.986,5,1,15,5821.901,8.2
"784",29,2014-04-15,14,8.2,-0.6,1,0.219812034424079,8229.06799674034,0,1,94.892,4114.785,43.16,0,0,765.066,76.426,3210.161,0,0,0,0,0.0669642857142855,2018.65799951553,2904.022,6.913,2,15,8304.49,7.5
"785",29,2014-04-16,15,7.5,-0.1,1,0.0460233097283409,8205.26200032234,1,5,269.724,2232.058,2162.963,1.004,0,529.623,107.846,2536.351,410.731,0,0,0,0.00648148148148148,976.822999477386,975.699,6,3,16,8250.3,7.6
"786",29,2014-04-17,16,7.6,0.9,0.9,0.148039656273883,6174.86100029945,2,4,151.523,8743.254,0,0,0,773.167,64.289,2654.965,0,0,3.018,0,0.00833333333333333,3706.46199893951,3705.541,6,4,16,12390.216,7.8
"787",29,2014-04-18,17,7.8,-0.4,0.4,0.231919005924747,5311.11700081825,1,1,258.08,1479.451,0,0,0,366.222,102.518,3148.693,64.902,0,4.031,0,0.061969696969697,984.003999471664,1442.457,6.585,5,16,5423.897,6.9
"788",29,2014-04-19,18,6.9,-0.6,0.3,0.105555555555555,5098.64699959755,1,3,226.343,1749.772,0,0,0,311.619,81.384,2697.552,30.28,0,0,0,0.0111111111111111,2860.27999997139,3500.346,6,6,16,5096.95,7.4
"789",29,2014-04-20,19,7.4,-0.2,0.6,0.00944444444444445,1797.06600022316,0,0,63.27,496.628,0,0,0,85.493,60.325,1001.645,0,0,0,0,0.012962962962963,2407.38899993896,35115.863,6,7,16,1707.361,7.2
"790",29,2014-04-21,20,7.2,0,0.4,0.175,3476.41600036621,0,0,34.025,1200.305,0,0,0,278.271,179.887,1872.832,0,0,0,0,0.00670498084291188,1287.64499998093,1287.39,6,1,16,3565.32,6.4
"791",29,2014-04-22,21,6.4,-0.2,0,0.254678970592642,11399.555999279,3,9,1517.535,4598.383,156.89,0,0,1364.474,40.349,3489.84,246.278,0,8.087,0,0.0037037037037037,270.602999925613,270.478,7,2,16,11421.836,7.4
"792",29,2014-04-23,22,7.4,0.5,0.4,0.0802897108659601,4747.39000082016,4,1,173.486,1761.537,0,0,0,652.371,32.152,111.774,0,0,27.062,0,0.132993972308597,3551.04900050163,3881.542,3,3,17,2758.382,7.8
"793",29,2014-04-24,23,7.8,0.2,1,0.24262318771773,7963.12500190735,0,3,407.55,2457.263,1088.969,0,0,883.448,36.172,2719.597,251.87,0,0,0,0.00546448087431694,5272.78599977493,5279.935,7,4,17,7844.869,7.5
"794",29,2014-04-25,24,7.5,0,0.9,0.161011327329032,3436.9660012722,0,1,545.698,2091.337,0,0,0,542.978,40.318,67.076,221.435,0,3.06,0,0.419683908045977,1637.38100075722,2216.368,6.127,5,17,3511.902,6.3
"795",29,2014-04-26,25,6.3,-0.3,0.2,0.3565882370431,6626.12500238418,2,4,538.654,2435.45,0,0,0,821.72,155.488,2743.787,0,0,0,0,0.166473849518232,2568.43299984932,2305.667,3,6,17,6695.099,6.6
"796",29,2014-04-27,26,6.6,-1,0.2,0.0646107349958945,2601.55500030518,0,0,1286.228,664.778,317.902,0,0,307.341,38.179,948.47,0,0,0,0,0.000957854406130268,1767.61800003052,1932.7,7,7,17,3562.898,7
"797",29,2014-04-28,27,7,-0.4,0.4,0.0894007846630712,4451.42500042915,0,0,563.914,1708.768,0,0,0,488.708,34.17,1420.432,457.693,0,0,0,0.0157407407407407,4476.83499979973,4476.559,5,1,17,4673.685,7.6
"798",29,2014-04-29,28,7.6,0.4,0.8,0.268021616426649,9232.19099760055,0,1,919.08,2928.858,1386.679,68.332,0,1038.823,42.289,3002.927,0,0,0,0,0.0574074074074074,3044.43800067901,3044.213,6,2,17,9386.988,7.6
"799",29,2014-04-30,29,7.6,-0.3,0.3,0.143721672423492,5113.41099977493,1,2,1073.841,2325.175,181.471,0,0,612.619,54.288,992.345,50.56,0,0,0,0.113063378637149,3675.75400018692,3806.899,5,3,18,5290.299,7.6
"800",29,2014-05-01,30,7.6,0,0.4,0.152539808218186,5299.0359992981,0,0,314.353,3678.772,0,0,0,1979.327,28.105,1047.487,0,0,0,0,0.00102880658436214,3079.16200017929,3121.651,6,4,18,7048.044,7.2
"801",29,2014-05-02,31,7.2,0.2,0.8,0.28255291005291,1554.46899986267,0,0,431.324,425.161,0,0,0,246.204,0,302.231,157.998,0,0,0,0.390166028097063,1332.7999997139,1331.537,0,5,18,1562.918,8
"802",29,2014-05-03,32,8,0.5,1,0.334187610676455,1575.20500016212,0,2,844.43,329.341,34.317,0,0,5921.071,14.052,120.358,0,0,0,0,0.24409564312946,1409.67500042915,1481.991,2,6,18,7263.569,8.3
"803",29,2014-05-04,33,8.3,0,1.2,0.308674320203537,1525.2389998436,0,6,343.748,704.216,0,0,0,5650.589,17.101,134.169,0,0,0,0,0.501068178708265,185.28400015831,185.204,0,7,18,6849.823,7
"804",29,2014-05-05,34,7,-0.6,0.4,0.283390703559545,2832.60999965668,6,7,424.655,1282.511,0,0,0,504.052,42.099,702.496,38.32,0,0,0,0.034547152194211,1523.59100008011,1522.924,6,1,18,2994.133,6.6
"805",29,2014-05-06,35,6.6,-1.1,0.2,0.140846702317291,12929.2489998341,0,0,66.537,1594.476,0,0,0,1712.194,2.007,2214.862,0,0,0,0,0.100969728634305,2835.8350007534,2835.16,5,2,18,5590.076,7.8
"806",29,2014-05-07,36,7.8,-0.2,0.8,0.0529274338254895,2259.25499987602,0,0,6.041,417.825,0,0,0,189.077,995.027,650.223,0,0,0,0,0.0037037037037037,1023.05399990082,1856.251,6,3,19,2258.193,7.8
"807",29,2014-05-08,37,7.8,0.4,1,0.169936267606473,7286.91300296784,0,1,124.38,3558.828,13.125,0,0,1791.617,27.803,2377.583,0,0,0,0,0.0037037037037037,504.734000444413,504.573,7,4,19,7893.336,7.4
"808",29,2014-05-09,38,7.4,-0.4,0.6,0.0904307345540138,9154.0750014782,1,0,417.61,2629.992,1281.712,65.333,0,317.303,984.019,3456.448,0,0,0,0,0.0306216931216932,1996.7680003643,1996.335,6,5,19,9152.417,7
"809",29,2014-05-10,39,7,-0.2,0.4,0.185434704228055,13212.2419986725,1,1,339.175,5364.368,28.157,0,0,1222.125,209.465,6058.688,0,0,3.094,0,0.00466853408029879,3241.75399994851,3241.135,6,6,19,13225.072,7
"810",29,2014-05-11,40,7,-0.8,0.4,0.0237510897570375,6099.07799983025,0,0,75.472,916.343,0,0,0,425.646,42.21,4584.769,53.644,0,0,0,0.0180624379060352,4563.88100099563,4643.408,4,7,19,6098.084,7.6
"811",29,2014-05-12,41,7.6,-0.5,0.8,0.229184003964505,11016.1780002117,0,5,571.503,4665.347,844.736,0,0,852.168,38.241,4677.447,21.286,0,0,0,0,1151.67000007629,1151.512,7,1,19,11670.728,8.2
"812",29,2014-05-13,42,8.2,0.6,0.8,0.178793798221043,10300.419000864,2,6,351.121,5410.857,53.247,0,0,658.505,511.768,3495.845,0,0,28.22,0,0.0388888888888889,2631.85300016403,2631.238,6,2,19,10509.563,NA
"813",31,2014-04-03,1,6.6,0.6,1,0.279976614214709,13235.6970000267,3,0,369.128,812.541,126.547,19.074,0,0,161.8,76.273,0,0,42.127,0,0.00892857142857142,121.539999723434,394.702,6,4,14,1607.49,6.8
"814",31,2014-04-04,2,6.8,0.4,0.4,0.198328904991949,2549.78900027275,2,0,587.428,112.665,176.81,0,0,0,9.051,213.823,0,0,208.449,0,0.0694725028058362,112.830999851227,205.049,3,5,14,1308.226,7.4
"815",31,2014-04-05,3,7.4,0.9,0.6,0.325790440636118,5750.01100039482,5,0,1252.983,631.269,105.324,2.034,0,331.018,105.76,0,51.254,0,100.428,0,0.0462962962962963,10.2690000534058,464.357,5,6,14,2580.07,6.6
"816",31,2014-04-06,4,6.6,0,0.2,0.186912315228487,6518.11999940872,1,0,1489.458,527.937,145.759,54.045,0,0,18.215,0,0,0,3.051,0,0.186190476190476,1089.53299999237,751.274,4.254,7,14,2238.465,6.6
"817",31,2014-04-07,5,6.6,-0.1,0.3,0.210253903982352,4800.80300021172,1,2,875.69,582.846,44.189,36.157,0,0,11.035,55.219,0,0,0,0,0.0339506172839506,65.0460000038147,105.881,5,1,14,1605.136,6.7
"818",31,2014-04-08,6,6.7,0.2,0.5,0.203784916402668,2733.52399945259,1,0,1130.768,882.559,197.045,64.352,0,24.468,238.339,273.049,0,0,103.298,0,0.0325920854171628,737.621000289917,260.852,6,2,14,2913.878,7.1
"819",31,2014-04-09,7,7.1,0.1,0.5,0.268459405218026,2824.07999897003,0,0,975.956,1628.75,67.834,0,0,12.306,71.124,204.437,0,0,63.329,0,0.0461650347665674,499.182999372482,498.881,4,3,15,3023.736,7.5
"820",31,2014-04-10,8,7.5,0.3,0.7,0.233472759041725,10699.1389994621,1,3,1313.803,2749.975,159.044,0,0,71.534,45.36,270.66,0,0,390.51,0,0.297777042915932,1649.45499992371,1648.806,1,4,15,5000.886,7.8
"821",31,2014-04-11,9,7.8,0.6,1.2,0.261731131788603,12473.8839995861,6,2,5797.063,5150.27,161.515,158.536,0,62.279,79.481,185.812,0,0,921.581,0,0.307786105677451,2796.52799892425,2906.442,2,5,15,12516.537,7
"822",31,2014-04-12,10,7,0.6,0.8,0.249427491862976,8054.92199993134,3,0,564.901,1230.844,0,0,0,22.069,9.031,21.097,0,0,0,0,0.0290816326530612,701.478999853134,728.1,3.088,6,15,1847.942,6.8
"823",31,2014-04-13,11,6.8,-0.6,1,0.376741808535265,7599.51500058174,5,1,1054.24,337.851,339.339,0,0,14.316,63.173,28.133,0,0,121.413,0,0.447108843537415,552.34400010109,944.609,1.036,7,15,1958.465,6.2
"824",31,2014-04-14,12,6.2,-0.8,0,0.192137587189311,6835.27099919319,0,2,1559.586,1522.853,194.878,6.018,0,11.328,193.158,463.278,0,0,20.634,0,0.00960401891252956,258.796999692917,257.97,6,1,15,3971.733,7.2
"825",31,2014-04-15,13,7.2,-0.2,0.8,0.241219474031068,1049.17399907112,1,0,397.253,565.424,29.955,49.322,0,0,16.063,0,0,0,140.789,0,0.0246989945271732,333.832000017167,330.703,3,2,15,1198.806,6.9
"826",31,2014-04-16,14,6.9,-0.2,0.6,0.214799647791931,2458.29000043869,3,0,1207.304,697.884,98.313,51.248,0,83.497,179.274,44.205,0,0,118.226,0,0.0267443783068783,1246.76300024986,776.185,6,3,16,2479.951,7
"827",31,2014-04-17,15,7,0.6,1,0.246297864367044,2617.28100013733,0,0,695.326,1339.99,228,69.219,0,17.056,60.511,77.111,0,0,129.08,0,0.0491255144032923,2201.64199948311,2203.629,5,4,16,2616.293,6.8
"828",31,2014-04-18,16,6.8,0.2,0.8,0.13,10528.7239995003,4,0,1377.824,3230.925,1969.019,0,0,0,139.957,225.166,0,0,1.02,0,0.0509758653436814,1044.98699879646,19231.609,3,5,16,6943.911,7.8
"829",31,2014-04-19,17,7.8,0.8,1.2,0.58486784806031,1527.60399961472,3,0,866.072,696.948,0,0,0,0,22.173,8.028,0,0,77.214,0,0.0338235294117648,94.0900001525879,264.6,6,6,16,1670.435,8.1
"830",31,2014-04-20,18,8.1,1,1.5,0.499889688855206,4460.46100068092,0,0,1707.935,2145.901,117.873,0,0,88.503,54.423,89.9,116.624,0,223.894,0,0.244724680323058,1120.70300078392,1120.297,5,7,16,4545.053,6.4
"831",31,2014-04-21,19,6.4,0.2,0.4,0.124076414559608,7114.61299943924,1,1,4173.254,2217.928,167.681,74.317,0,0,204.734,173.134,0,0,102.627,0,0.224080915891261,1029.35899972916,1029.259,4,1,16,7113.675,7.2
"832",31,2014-04-22,20,7.2,0.4,1,0.229606388805181,8289.39599943161,0,3,722.82,1815.119,202.543,0,0,8.108,321.954,282.7,0,0,997.181,0,0.0888541700218169,1922.30600142479,1979.859,2,2,16,4350.425,7
"833",31,2014-04-23,21,7,0.8,1,0.217222222222222,5673.84600090981,1,0,2156.277,2353.046,54.85,246.39,0,459.705,57.629,37.094,0,0,1042.597,0,0.0111111111111111,1078.39599990845,1078.101,3,3,17,6407.588,7
"834",31,2014-04-24,22,7,0.4,1,0.183333333333333,4352.83199954033,1,0,986.548,2413.588,148.01,32.102,0,4.008,32.271,20.057,190.698,0,482.283,0,0.0157407407407407,897.71299982071,897.516,5,4,17,4309.565,7
"835",31,2014-04-25,23,7,1,1,0.259820788530466,7093.50300049782,7,0,4343.5,2840.689,627.447,0,0,0,198.632,38.108,0,0,212.101,0,0.0657407407407408,1347.68100070953,1347.474,6,5,17,8260.477,6.6
"836",31,2014-04-26,24,6.6,0.4,0.6,0.464817927170868,4643.33599901199,12,2,2046.542,2225.125,0,85.333,0,4.017,136.479,71.467,45.188,0,49.122,0,0.669991253206263,3116.41400098801,2653.077,0,6,17,4663.273,7.4
"837",31,2014-04-27,25,7.4,0.3,1.1,0.133333333333333,3264.78399896622,2,0,1029.499,1043.236,488.436,0,0,16.191,198.487,254.141,0,0,461.807,0,0.0148148148148148,2620.11400127411,2292.013,2,7,17,3491.797,6.8
"838",31,2014-04-28,26,6.8,0.8,0.8,0.19,4629.33499836922,1,1,1320,1290.284,431.43,72.246,0,86.208,1312.437,25.435,0,0,219.784,0,0.0166666666666667,777.848000526429,777.718,5,1,17,4757.824,7
"839",31,2014-04-29,27,7,0.2,1,0.18208448117539,3947.88699936867,2,4,1265.351,1937.047,357.106,124.053,0,19.066,323.87,122.189,0,0,70.413,0,0.00277777777777778,737.639000177383,812.863,4,2,17,4219.095,7
"840",31,2014-04-30,28,7,0.4,0.8,0.207452107279693,6200.52999973298,1,0,1347.554,1197.636,199.235,0,0,172.75,524.368,136.04,47.282,0,2219.377,0,0.0194444444444445,355.527000904083,355.406,5,3,18,5844.242,7
"841",31,2014-05-01,29,7,0.8,1,0.0669394914366179,3757.69999980927,0,3,1605.55,1466.491,191.667,39.131,0,10.309,38.49,15.63,0,0,293.929,0,0.00462962962962963,413.049000501633,413.017,6,4,18,3661.197,7.2
"842",31,2014-05-02,30,7.2,0.8,1,0.335616575542684,13652.5910005569,1,1,1641.974,2370.659,158.074,26.08,0,36.204,30.283,705.313,90.475,0,319.302,0,0.0214802339172517,475.789999961854,545.304,3,5,18,5378.364,7.5
"843",31,2014-05-03,31,7.5,0.6,1.2,0.0706201550387597,1699.05999994278,0,0,317.574,29.524,0,0,0,2.112,165.512,53.183,0,0,1376.478,0,0.152777777777778,362.216999769211,362.15,4,6,18,1944.383,7.2
"844",31,2014-05-04,32,7.2,0.8,1,0.00912831046959931,92.7969999313354,0,0,92.735,0,0,0,0,0,0,0,0,0,0,0,0.00766283524904214,234.554000377656,505.279,5,7,18,92.735,7.2
"845",31,2014-05-05,33,7.2,0.6,1,0.0600951398781104,321.99599981308,0,0,69.075,0,0,0,0,0,14.034,0,0,0,0,0,0.00229705408733542,68.1760001182556,68.169,5,1,18,83.109,NA
"846",32,2014-04-03,1,7.9,-0.5,0.5,0.153182415349824,4617.44499874115,2,1,296.236,2791.054,4202.92,0,0,58.17,65.23,0,319.217,0,0,0,0.043709270720765,1072.16699957848,3090.173,5,4,14,7732.827,7.4
"847",32,2014-04-04,2,7.4,0,0.5,0.112670156490997,4593.07900094986,1,3,168.326,2979.716,412.85,0,0,0,21.439,61.324,0,0,5.024,0,0.0131198995605775,226.486000061035,221.159,5,5,14,3648.679,8
"848",32,2014-04-05,3,8,0.8,1,0.0918616191852539,2963.2040002346,5,0,1041.138,942.033,654.451,0,0,0,119.713,198.788,0,0,0,0,0,657.521000385285,655.166,5,6,14,2956.123,7.6
"849",32,2014-04-06,4,7.6,-1.4,0,0.100168471211622,4039.02099823952,1,4,422.408,2389.502,879.778,0,0,0,51.697,188.905,95.362,0,0,0,0.0131826741996233,931.325000286102,930.503,3,7,14,4027.652,6.9
"850",32,2014-04-07,5,6.9,-0.2,-0.1,0.129658701965565,4297.63100028038,11,8,1701.454,1670.652,1052.474,0,0,0,40.997,0,90.097,0,0,22.431,0.00748548006773331,723.158999443055,784.686,5,1,14,4578.105,7.8
"851",32,2014-04-08,6,7.8,0.4,0.4,0.10619671444495,2885.82700157165,1,0,517.563,1621.894,1258.178,0,0,0,57.506,48.579,0,0,0,0,0.00183654729109274,1210.83899950981,1209.532,4,2,14,3503.72,7.2
"852",32,2014-04-09,7,7.2,0.6,0.4,0.127143769678529,3180.9500002861,15,2,1173.285,1493.636,2379.096,0,0,0,26.176,0,0,0,0,0,0.0140056022408963,1278.15400004387,1276.57,4,3,15,5072.193,7.3
"853",32,2014-04-10,8,7.3,-0.1,0.6,0.136045256288706,4315.17399978638,2,0,106.18,3023.597,789.189,0,0,0,76.18,338.005,0,0,0,0,0.00550964187327823,838.37400007248,836.633,7,4,15,4333.151,7.2
"854",32,2014-04-11,9,7.2,0.2,0.4,0.190496978418819,3876.20499897003,6,1,1218.4,2012.92,525.816,0,0,0,82.135,0,114.418,0,13.118,0,0.000941619585687382,484.921000003815,483.355,3,5,15,3966.807,7.8
"855",32,2014-04-12,10,7.8,-0.2,0.6,0.0989056950286388,1963.56200051308,5,1,231.521,1207.526,394.221,0,0,0,32.409,92.404,0,0,0,0,0.0995798319327731,328.895000219345,328.338,4,6,15,1958.081,7.6
"856",32,2014-04-13,11,7.6,-1.6,0.6,0.108991614820399,2441.29199957848,6,0,152.451,1426.345,227.366,0,0,0,74.534,476.366,0,0,0,0,0.141290074336051,628.759999036789,627.246,2,7,15,2357.062,7.8
"857",32,2014-04-14,12,7.8,0.8,0.8,0.140645785209136,5742.35899877548,3,0,1399.116,3006.009,528.652,0,0,0,54.104,0,0,0,0,0,0.00837223778400249,316.629999876023,315.423,3,1,15,4987.881,7.6
"858",32,2014-04-15,13,7.6,-0.3,0.8,0.183678856285048,3009.57600021362,5,1,419.771,1654.304,960.481,0,0,0,114.324,0,0,0,0,0,0.024074074074074,663.451999902725,662.346,6,2,15,3148.88,8.1
"859",32,2014-04-16,14,8.1,0.3,1,0.195871144377503,3002.67099952698,4,0,1191.959,1633.115,891.737,0,0,0,38.559,0,83.329,0,0,0,0,2010.82099962234,601.911,7,3,16,3838.699,8.2
"860",32,2014-04-17,15,8.2,1,1,0.0855044956186906,4114.56400108338,4,0,1450.307,1178.156,917.122,0,0,0,17.195,0,149.346,0,0,0,0.0644695543000628,1243.56200027466,2240.135,6,4,16,3712.126,7
"861",32,2014-04-18,16,7,0,0.8,0.193930303982284,8224.03500032425,2,1,863.275,2276.868,3478.347,0,0,0,130.114,159.728,100.335,0,0,0,0.0162352297240735,345.247999429703,344.848,3,5,16,7008.667,7
"862",32,2014-04-19,17,7,-0.4,0.6,0.0749975251608646,1159.79600024223,2,0,544.13,317.248,105.259,0,0,0,0,186.998,0,0,0,0,0.0190932311621966,46.5360000133514,46.432,5,6,16,1153.635,6.6
"863",32,2014-04-20,18,6.6,-0.2,0.2,0.079151638012639,992.233999729157,0,0,69.495,792.997,128.651,0,0,0,0,0,0,0,0,0,0,116.884999752045,116.623,7,7,16,991.143,7.3
"864",32,2014-04-21,19,7.3,-0.8,0.2,0.0433316442629416,3222.72100067139,1,0,87.015,2711.377,222.157,0,0,0,35.503,0,0,0,0,0,0.0172173580710166,1647.51900005341,1110.269,5,1,16,3056.052,7
"865",32,2014-04-22,20,7,-0.2,0.8,0.194131117627561,2591.84199976921,2,0,577.843,1426.506,671.773,0,0,0,0,0,69.383,0,0,0,0.0103448275862069,934.762999773025,933.227,5,2,16,2745.505,7
"866",32,2014-04-23,21,7,-0.2,0,0.173151571284044,5075.51499867439,3,1,912.164,1503.107,716.022,0,0,0,283.293,106.273,179.338,0,0,0,0.016597004528039,4142.73200011253,2044.732,6,3,17,3700.197,7.8
"867",32,2014-04-24,22,7.8,1,1,0.0905931460425571,3493.12999892235,9,0,1125.201,1616.693,312.249,0,0,0,19.244,112.34,0,0,0,0,0.010672514619883,519.192000389099,518.288,6,4,17,3185.727,7.7
"868",32,2014-04-25,23,7.7,0.6,0.6,0.19580307964293,9380.29000067711,6,1,1097.703,3378.699,642.953,0,0,0,236.387,349.706,132.85,0,0,0,0.00459136822773187,1448.08500027657,1439.749,7,5,17,5838.298,7.5
"869",32,2014-04-26,24,7.5,-0.0666666666666667,0.9,0.157256538711387,1230.45799994469,0,0,0,961.416,607.349,0,0,0,0,0,0,0,0,0,0.0671713313424544,10288.9979999065,930.845,6.353,6,17,1568.765,7.4
"870",32,2014-04-27,25,7.4,-0.2,0.6,0.0502025290587864,2640.53499984741,4,0,1221.215,638.151,518.808,0,0,0,10.593,238.347,0,0,447.418,0,0.214509213647145,2228.10999989509,630.258,5,7,17,3074.532,7.4
"871",32,2014-04-28,26,7.4,-0.2,0.4,0.0992755060354284,5492.61999964714,6,0,2051.295,1282.457,4842.787,0,0,0,31.539,0,0,0,0,0,0.00855855855855856,609.621999979018,608.53,4,1,17,8208.078,6.6
"872",32,2014-04-29,27,6.6,-0.6,0.1,0.220912258032467,2119.75199985504,5,0,93.159,1657.76,422.439,0,0,0,89.23,0,0,0,0,0,0.00444444444444444,1477.48000001907,1666.458,6,2,17,2262.588,7
"873",32,2014-04-30,28,7,0,0.733333333333333,0.12019680380127,6090.73799967766,3,2,285.972,719.434,400.6,0,0,0,32.461,0,103.49,0,0,0,0,445.101999759674,442.478,7,3,18,1541.957,7
"874",32,2014-05-01,29,7,-0.4,0.3,0.179209534105587,3038.0389995575,9,0,544.381,2116.098,701.37,0,0,0,28.64,0,0,0,0,0,0.0368852459016393,1530.66100001335,1526.83,8,4,18,3390.489,7
"875",32,2014-05-02,30,7,-0.6,0,0.147536643937665,3408.20900082588,10,0,570.492,2093.222,671.719,0,0,0,33.212,0,32.361,0,0,0,0.0136988363515934,891.929999828339,889.717,6,5,18,3401.006,6.9
"876",32,2014-05-03,31,6.9,-0.6,0.7,0.129834081795475,2187.45799970627,2,0,250.641,1717.799,199.436,0,0,0,16.111,0,0,0,0,0,0.0065862385611602,236.116000175476,324.576,5,6,18,2183.987,7.8
"877",32,2014-05-04,32,7.8,0.2,0.8,0.183252581383807,2484.72099995613,0,1,98.474,1762.842,167.802,0,0,0,17.227,430.094,0,0,0,0,0.000957854406130268,0,0,6,7,18,2476.439,7.7
"878",32,2014-05-05,33,7.7,0.2,0.5,0.0533651668084047,5398.75100016594,20,0,1510.605,3458.297,2058.13,0,0,0,35.454,341.933,0,0,0,0,0.0037037037037037,1531.16299962997,1352.563,7,1,18,7404.419,6.8
"879",32,2014-05-06,34,6.8,0.6,0.2,0.215240587841811,3395.79699969292,7,0,340.614,2961.559,728.033,0,0,0,70.409,0,0,0,0,0,0.00846104725415071,378.963000059128,376.961,4,2,18,4100.615,6.2
"880",32,2014-05-07,35,6.2,-1,0,0.10934173254659,2917.31299924851,3,0,450.648,1908.93,544.099,0,0,0,32.084,1.007,113.693,0,0,0,0.00275482093663912,539.644999980927,983.66,7,3,19,3050.461,6.7
"881",32,2014-05-08,36,6.7,-0.4,0.2,0.178076687920142,4739.88300085068,13,2,2358.217,3489.06,431.906,0,0,0,57.332,0,0,0,0,0,0,575.043999433517,572.818,4,4,19,6336.515,7.8
"882",32,2014-05-09,37,7.8,0,0.8,0.122132990984294,4635.41699767113,8,0,838.527,2231.634,1073.063,0,0,0,26.39,0,540.968,0,0,0,0.000918273645546373,387.438999891281,386.468,4,5,19,4710.582,7
"883",32,2014-05-10,38,7,-0.4,0.6,0.147184976192002,1854.37600016594,2,0,79.524,1302.518,2248.753,0,0,0,34.374,1881.155,173.593,0,0,0,0.0644882315821333,1538.23200035095,2140.82,4,6,19,5719.917,7
"884",32,2014-05-11,39,7,-1.6,0.2,0.188956965772604,977.88000035286,6,0,377.01,477.815,86.723,0,0,6.036,221.782,0,0,0,0,0,0.0442828282828283,1886.66300010681,2187.254,3,7,19,1169.366,6.9
"885",32,2014-05-12,40,6.9,-0.7,0.1,0.205147271849348,656.950999975205,0,0,0,518.642,147.64,0,0,0,11.16,0,0,0,0,0,0.00860585197934596,1046.94900012016,1046.442,7,1,19,677.442,NA
"886",33,2014-04-17,1,7.2,-0.6,1.4,0.102607641343057,18421.9220016003,2,0,1816.568,850.131,716.066,0,0,0,116.178,4811.805,0,0,254.269,0,0.0129707438530968,1675.96200013161,1604.358,2,4,16,8565.017,7.4
"887",33,2014-04-18,2,7.4,-0.8,0.8,0.0560645087084063,8455.51100087165,3,1,1395.797,1765.248,471.073,0,0,0,70.61,4140.17,0,0,102.369,0,0.00700938838756722,149.669000148774,2225.651,4,5,16,7945.267,7.9
"888",33,2014-04-19,3,7.9,0.2,0.8,0.409889018509098,8275.18799996376,2,0,2753.46,3785.828,438.444,0,0,0,55.455,2314.209,0,0,83.939,0,0.000966183574879227,2517.64299941063,2516.943,3,6,16,9431.335,7.4
"889",33,2014-04-20,4,7.4,0,1.2,0.0486295083004953,8065.09799909591,0,0,501.314,1566.68,1156.446,0,0,0,46.574,6231.787,0,0,3.01,0,0.00924408014571949,3445.17500042915,2716.572,4,7,16,9505.811,7.2
"890",33,2014-04-21,5,7.2,0,0.8,0.0648732192921157,6650.89699983596,0,0,531.774,1328.212,844.664,0,0,0,43.197,5266.63,3.019,0,4.208,0,0.0450707462472168,1035.01200008392,1716.497,3.97,1,16,8021.704,6.2
"891",33,2014-04-22,6,6.2,-0.6,-0.2,0.130645226856532,17667.5759987831,7,0,3633.894,1212.729,733.029,0,0,0,69.518,5604.638,52.436,0,90.132,0,0.0193985307621671,4988.81899976731,4988.236,3,2,16,11396.376,5.5
"892",33,2014-04-23,7,5.5,0.4,-0.5,0.0106587401004151,6371.03999948501,1,0,730.324,223.385,1031.301,0,0,0,57.204,4545.278,0,0,0,0,0.000933706816059757,1354.27500033379,1354.048,4,3,17,6587.492,7.2
"893",33,2014-04-24,8,7.2,-0.2,1,0.17848623280581,8437.53399944305,5,1,2954.438,2352.985,605.664,0,0,0,58.496,3057.436,42.677,0,90.989,0,0.00557929724596391,449.786000728608,604.589,3,4,17,9162.685,8.4
"894",33,2014-04-25,9,8.4,0.8,0.8,0.139876181310101,8555.23699951172,22,1,3383.95,1002.845,538.707,0,0,0,45.175,2572.223,36.169,0,0,0,0.0135416666666667,832.352000236511,1208.52,5,5,17,7579.069,7.9
"895",33,2014-04-26,10,7.9,0.3,1.2,0.310180806287128,5186.62800073624,13,2,2111.861,278.608,226.066,0,0,0,45.635,2565.37,0,4.011,22.697,0,0.376685240989299,1683.40599822998,1912.632,0,6,17,5254.248,6.3
"896",33,2014-04-27,11,6.3,-1.3,0.3,0.0325284611282432,10236.4830009937,2,0,1278.066,1496.241,989.207,0,0,0,49.328,5908.769,0,0,4.976,0,0.24230180593817,2748.67200040817,2424.027,2,7,17,9726.587,6.6
"897",33,2014-04-28,12,6.6,-1.2,0.6,0.11834681361958,21146.0810008049,2,1,4461.738,1273.586,597.652,3.106,0,0,46.314,6533.456,0,0,296.859,0,0.0121711728169529,7897.00199961662,3218.287,4.307,1,17,13212.711,6.2
"898",33,2014-04-29,13,6.2,-0.6,0.5,0.120239643788149,15855.8989994526,3,1,3356.01,1237.23,857.68,0,0,0,130.257,5763.931,144.481,0,77.575,0,0.0188417855915363,1411.59699964523,2768.163,4,2,17,11567.164,6.9
"899",33,2014-04-30,14,6.9,-0.5,0.7,0.0212379528082419,6416.3529996872,1,0,405.289,658.16,695.47,0,0,0,43.187,4417.109,0,0,0,0,0.00185185185185186,559.6859998703,559.525,5,3,18,6219.215,7.1
"900",33,2014-05-01,15,7.1,-0.3,0.7,0.202377260085254,10102.7730000019,7,1,2835.655,1055.4,715.564,0,0,0,48.202,3567.349,205.063,0,103.941,0,0.0120610227562099,3132.57800006866,2006.417,3,4,18,8531.174,7.2
"901",33,2014-05-02,16,7.2,0.4,0.5,0.270537632747555,622.526999950409,1,0,496.882,0,0,0,0,0,55.167,0,0,0,70.24,0,0.38872568311071,1379.23699951172,1433.432,0,5,18,622.289,8
"902",33,2014-05-03,17,8,1,0.8,0.356766840301614,2000.03699922562,3,1,1501.396,90.572,2.01,0,0,0,18.422,375.788,0,0,0,0,0.249169335853189,347.052000522614,11347.533,1,6,18,1988.188,7.1
"903",33,2014-05-04,18,7.1,-0.2,0.5,0.303370392240678,4337.49199771881,8,0,3009.841,165.719,141.704,0,0,0,11.043,721.145,129.967,0,67.765,0,0.4829312554946,959.958000898361,1043.702,0,7,18,4247.184,7.4
"904",33,2014-05-05,19,7.4,-1.4,0.8,0.0544468375812804,10593.5609996319,6,0,3198.568,763.052,478.279,0,0,0,39.151,4434.14,74.654,0,0,0,0.0055325987144169,1906.67799949646,2599.037,4,1,18,8987.844,6.6
"905",33,2014-05-06,20,6.6,-0.2,-0.2,0.104967340550591,9900.50300049782,8,1,1309.938,3306.022,676.919,0,0,0,0,4275.931,185.134,0,11.452,0,0.00651260504201681,1628.50599980355,1575.974,4,2,18,9765.396,5.2
"906",33,2014-05-07,21,5.2,-0.5,-0.3,0.00281536343350899,3037.64299988747,1,1,219.954,7.083,562.447,0,0,0,41.493,1964.653,0,0,3.187,0,0.00753968253968254,8006.12299990654,5802.755,5,3,19,2798.817,6.8
"907",33,2014-05-08,22,6.8,-0.3,0.5,0.105257142196238,11550.6790006161,7,0,2179.415,1833.494,1334.341,0,0,0,103.761,5136.487,359.32,0,105.098,0,0.0102707749766573,309.513000011444,547.39,4,4,19,11051.916,5.1
"908",33,2014-05-09,23,5.1,0.2,-0.3,0.0168792282157359,8075.54700088501,0,2,954.052,647.987,570.277,0,0,0,50.372,5764.587,0.08,0,16.477,0,0.0196484620213434,952.505999326705,1035.288,5,5,19,8003.832,7.6
"909",33,2014-05-10,24,7.6,-0.4,1,0.14244312580207,7309.79300022125,5,0,2022.382,544.303,526.221,0,0,0,54.43,2337.075,39.492,0,175.48,0,0.00936871923910808,4014.61499977111,2343.804,4,6,19,5699.383,6
"910",33,2014-05-11,25,6,0,0.4,0.00848170121042973,3683.79500055313,0,0,160.088,97.429,202.113,0,0,0,44.502,3178.477,0,0,0,0,0.0181323240533767,10379.6959998608,1336.408,4.9,7,19,3682.609,6.4
"911",33,2014-05-12,26,6.4,-0.4,0.6,0.0384278594715096,5617.74100017547,1,0,1092.887,881.829,474.836,0,0,0,283.081,3561.362,0,0,0,0,0.00480635388520429,1482.07899999618,1481.522,3,1,19,6293.995,6.2
"912",33,2014-05-13,27,6.2,0.8,0.4,0.21062091503268,18730.9929990768,1,0,2466.028,4275.862,1065.711,0,0,0,39.548,2785.011,6.135,0,29.384,0,0,9466.16700029374,727.871,5.31,2,19,10667.679,6.8
"913",33,2014-05-14,28,6.8,-0.4,0.5,0.00333333333333333,4137.40099978447,0,0,203.476,160.882,508.801,0,0,0,78.712,2216.62,0,0,0,0,0,50.7860000133514,1618.561,6.883,3,20,3168.491,6.6
"914",33,2014-05-15,29,6.6,0.2,0.4,0.183946864449465,11994.4689981937,7,1,2935.611,3161.269,411.964,0,0,0,66.959,3930.168,227.708,2.007,34.972,0,0.0252197112366604,1447.23200011253,2415.638,2,4,20,10770.658,7.5
"915",33,2014-05-16,30,7.5,0.3,0.8,0.0800252965158249,3759.3069999218,11,0,1967.024,66.302,512.528,0,0,0,70.567,1757.649,0,0,22.277,0,0.0177958188925288,2477.93499994278,2757.778,4,5,20,4396.347,6.2
"916",33,2014-05-17,31,6.2,0.4,0.2,0.0140441374289829,4515.08500027657,2,1,441.501,232.53,194.069,0,0,0,30.174,1528.222,0,0,0,0,0.0128381792292499,3936.76800012588,2566.117,3,6,20,2426.496,6.4
"917",33,2014-05-18,32,6.4,-0.8,0.4,0.0190350458595723,9013.71900033951,0,0,1708.634,217.195,505.98,0,0,0,53.53,6192.231,0,0,8.107,0,0.0170410951955208,8645.10099935532,4808.126,2,7,20,8685.677,5.8
"918",33,2014-05-19,33,5.8,-0.5,-0.1,0.0101904344818182,3468.72900009155,0,0,146.585,30.194,320.934,0,0,0,76.976,2377.235,0,0,0,0,0.0188533651008296,4650.37000012398,4294.726,3,1,20,2951.924,6.4
"919",33,2014-05-20,34,6.4,-0.6,0.6,0.0224480587541405,6023.13700103759,0,0,454.555,726.473,456.931,0,0,0,45.442,5550.719,0,0,0,0,0.00642791551882461,2332.83299994468,1014.147,4,2,20,7234.12,6
"920",33,2014-05-21,35,6,-0.6,-0.4,0.0162250877362439,5920.3649995327,0,0,535.688,307.145,908.697,0,0,0,47.258,4006.544,0,0,0,0,0.019376026272578,1476.9880001545,1842.765,3,3,21,5805.332,6.3
"921",33,2014-05-22,36,6.3,0.2,0.3,0.0150327588662584,3759.7480006218,6,0,749.77,1258.167,270.475,0,0,0,51.243,1653.045,0,0,8.838,0,0.00557111733582321,3042.7680003643,2349.058,4,4,21,3991.538,5.9
"922",33,2014-05-23,37,5.9,-1.1,0,0.0247175141242938,4355.83799958229,1,0,848.122,468.547,406.644,0,0,0,81.19,3742.486,0,0,0,0,0.00816326530612244,0,1347.118,4,5,21,5546.989,6.4
"923",33,2014-05-24,38,6.4,-0.4,0.4,0.0149473389355742,7507.28500056266,0,0,694.187,298.901,1003.31,0,0,0,71.324,4717.754,0,0,0,0,0.00849215705537545,3431.37400007248,3430.756,2,6,21,6785.476,6.7
"924",33,2014-05-25,39,6.7,-1,0.7,0.0468124190436564,3909.5419998169,2,0,1366.934,901.759,194.216,0,0,0,34.3,1302.865,0,0,0,0,0.339850333347906,4755.75599884987,4486.672,0,7,21,3800.074,6
"925",33,2014-05-26,40,6,-0.1,0.3,0.116669765481027,9123.60499930382,10,3,998.785,1169.298,688.769,0,0,130.53,227.808,5303.733,0,0,0,0,0.0202020202020202,1097.61800003052,1560.354,7.432,1,21,8518.923,6.4
"926",33,2014-05-27,41,6.4,-0.7,0.4,0.0174777765315957,2878.50700044632,1,2,339.398,1176.192,0,0,0,0,84.796,1221.132,0,0,56.173,0,0,9821.05200004577,1331,6.289,2,21,2877.691,8.3
"927",33,2014-05-28,42,8.3,0.2,1.3,0.164721647355189,11707.3229985237,10,1,2317.385,1563.25,495.772,0,0,357.909,519.794,3483.638,0,0,30.666,0,0.00474833808167141,1246.30300021172,1246.193,4,3,22,8768.414,7
"928",33,2014-05-29,43,7,-0.4,0.4,0.206009862151437,1722.71499991417,2,0,267.285,417.035,136.738,0,0,0,29.202,870.518,0,0,1.188,0,0.000933706816059757,4296.79799938202,3523.543,4,4,22,1721.966,7.2
"929",33,2014-05-30,44,7.2,-0.2,0.2,0.272087647492317,5705.46199917793,4,0,2378.389,1396.212,102.748,0,0,0,40.284,1595.939,915.714,8.072,226.806,0,0.118774359139471,1315.86000061035,1063.558,3,5,22,6664.164,NA
